IsCollision,A.X,A.Y,A.Pitch,A.Roll,A.Yaw,B.X,B.Y,B.Pitch,B.Roll,B.Yaw,C.X,C.Y,C.Pitch,C.Roll,C.Yaw
False,1.4339967966079712,-2.9988174438476562,0.0037271972697893513,0.00011644186448966202,4.8299650833648686e-05,-6.566145658493042,-12.999714374542236,0.0033556219226257827,0.00011629238189711966,4.8340242491453676e-05,21.39502441883087,-2.998539428692311,0.01123666839948371,9.876661520694432e-05,4.7865031011241884e-05
False,1.5328413248062134,-2.9987570190569386,0.003605127226331113,0.00012262694739973592,4.995362666290701e-05,-6.467309474945068,-12.99940800666809,0.0032321213567707797,7.837299823814902e-05,0.0003077291121229296,21.492988228797913,-2.9984533691313118,0.011113762598456426,0.0001035013482359203,4.951801739211241e-05
False,1.6311217546463013,-2.9986968993907794,0.0035002228432747737,0.00012493646208394297,5.1537798843792654e-05,-6.369096040725708,-12.99787950515747,0.003119110915014784,-0.00010759171656714035,0.001584765875507451,21.590373516082764,-2.9983673095703125,0.011001108757896347,0.0001052826086882046,5.105617559792883e-05
False,1.7317190170288086,-2.9986358642345294,0.0034244057395954016,0.00012462929858812532,5.319330189908176e-05,-6.26872181892395,-12.99503779411316,0.003024339636092848,-0.000388821536456438,0.0039071783937311136,21.689872980117798,-2.9982803345192224,0.010896204920547976,0.00010507687078812869,5.254669977850529e-05
False,1.836955189704895,-2.998571777367033,0.0033814903586317532,0.00012246145176671175,5.5004745826748265e-05,-6.1639134883880615,-12.993580341339111,0.002952814065372264,-0.0003824299655546913,0.0049000495466755625,21.793571710586548,-2.998189086909406,0.01079702347432716,0.00010346807295538654,5.403241331625222e-05
False,1.9325354099273682,-2.9985137939220294,0.003367900652595119,0.00011952333677562639,5.671522375123787e-05,-6.069132089614868,-12.991292715072632,0.0028831956620604038,-0.0005022721247861829,0.006482613014820008,21.88730216026306,-2.9981076050316915,0.010715245200372573,0.00010127346688214704,5.5327076721363767e-05
False,2.0396904945373535,-2.998448791564442,0.0033733842976638546,0.00011566597551401717,5.86932240700046e-05,-5.963513135910034,-12.987490177154541,0.0028028485995474435,-0.000733434725145023,0.009189477068761028,21.99178457260132,-2.998016357421875,0.010631680335922987,9.83850863050581e-05,5.6726216642451034e-05
False,2.151252508163452,-2.9983819579938427,0.0033950804881042592,0.00011141267251354562,6.080736879195297e-05,-5.854323625564575,-12.983939170837402,0.0027201174596750153,-0.0008138619358317738,0.011465761890816597,22.09981679916382,-2.99792144773528,0.010553120956972386,9.520179955386504e-05,5.813261331474555e-05
False,2.2644896507263184,-2.998312988318503,0.0034277435515527436,0.00010714520522751038,6.29987472898542e-05,-5.744681358337402,-12.982170343399048,0.002597570419336266,-0.0006167881075960743,0.012008720220960766,22.20864486694336,-2.9978262330405414,0.010480998880987842,9.200218505113082e-05,5.95145624075174e-05
False,2.379181146621704,-2.9982427979120985,0.0034663675455650325,0.00010305521154273996,6.525397520735546e-05,-5.635531663894653,-12.979237079620361,0.002396702801062969,-0.0006194512162942889,0.013404378182562593,22.317997932434082,-2.9977304078638554,0.010414838775878897,8.893512306994702e-05,6.087355338392049e-05
False,2.5000483989715576,-2.9981689453125,0.0035030837442081436,9.910784681636784e-05,6.76277658911128e-05,-5.522272825241089,-12.975100040435791,0.002214074085651598,-0.000723847312729243,0.015676239665497287,22.432328939437866,-2.9976303100120276,0.010351537350417115,8.597572541282562e-05,6.226707234163207e-05
False,2.6207404136657715,-2.998094787588343,0.0035269257205170156,9.558392462503701e-05,6.994740794878786e-05,-5.410823345184326,-12.972713470458984,0.0020436044545518784,-0.0005534047305965474,0.016323037834104246,22.545664072036743,-2.9975311278831214,0.010293960696357504,8.333078588400599e-05,6.362398221936367e-05
False,2.7437939643859863,-2.998019104124978,0.003528833316353292,9.24354826371644e-05,7.220676415341183e-05,-5.2992918491363525,-12.969351768493652,0.001822113750172813,-0.000547545743718582,0.017654376387636044,22.660507678985596,-2.9974298095330596,0.01024055499843467,8.096035488390374e-05,6.497676564159831e-05
False,2.8717243671417236,-2.99794067395851,0.0034974809001665557,8.961273954472504e-05,7.43703161191845e-05,-5.184891223907471,-12.965626239776611,0.0016547438316554066,-0.0005464805638471988,0.019157759667910168,22.779379844665527,-2.9973254394717515,0.01018953265853284,7.883038756443434e-05,6.635592265457333e-05
False,2.9996702671051025,-2.9978619385510683,0.003441214304025092,8.721761731094923e-05,7.635959291877115e-05,-5.071518421173096,-12.96322751045227,0.001547932428706198,-0.0003547330487799151,0.019422171691827684,22.897905111312866,-2.997221374651417,0.010142563598265342,7.701951796111989e-05,6.771124227256879e-05
False,3.131563901901245,-2.9977795409504324,0.003372668864464702,8.514270021488922e-05,7.829402300770196e-05,-4.955570340156555,-12.961600303649902,0.0014712808877809687,-0.00011185272408451079,0.01891103128628418,23.019782543182373,-2.997113952646032,0.01009821817873545,7.544831451532231e-05,6.908549165704448e-05
False,3.2652881145477295,-2.9976962280925363,0.0033062692006068017,8.339331836764408e-05,8.020405527913284e-05,-4.838962912559509,-12.958792686462402,0.0014094114168339076,-8.415589469587065e-05,0.019390188622584705,23.143049240112305,-2.997004699660465,0.010056376252318741,7.412077519291268e-05,7.04562540990586e-05
False,3.4003734588623047,-2.9976126099936664,0.0032563207129881686,8.193357506802311e-05,8.216242454019651e-05,-4.72206723690033,-12.956015586853027,0.0013660191218886019,-5.965480981511765e-05,0.019834975101875988,23.26718497276306,-2.996894531417638,0.010017276244057832,7.303223970746085e-05,7.181858348325749e-05
False,3.525925874710083,-2.9975344848353416,0.0032196045446022635,8.082326145163051e-05,8.399667359108238e-05,-4.614199161529541,-12.952828407287598,0.0013378857406488335,-0.00011558119427669601,0.020742905753412824,23.39514398574829,-2.996781616238877,0.009979605275053207,7.211344326990756e-05,7.32043619658915e-05
False,3.666764497756958,-2.9974459840450436,0.0031783578919035004,7.981188917123463e-05,8.60175292863862e-05,-4.493829965591431,-12.950479745864868,0.0013298986500120148,-1.0652658418705303e-06,0.02067092714712892,23.51085925102234,-2.9966787721496075,0.009948252639444773,7.144539915636918e-05,7.444262855430737e-05
False,3.8080902099609375,-2.9973568725399673,0.0031377073281539697,7.90110114951363e-05,8.800867465292615e-05,-4.373484492301941,-12.94809079170227,0.0013526677890984178,7.779807280151781e-05,0.020595753249081784,23.63961672782898,-2.996564331231639,0.009915113320849869,7.084998239063725e-05,7.580391975514452e-05
False,3.9528257846832275,-2.997265625046566,0.0031036134818136912,7.836352330263658e-05,9.004421260801388e-05,-4.250661015510559,-12.946741819381714,0.0013803243366669938,0.0002666974533680294,0.01960280521911456,23.771095991134644,-2.996447143610567,0.009883164617227182,7.037470983359276e-05,7.717651418341128e-05
False,4.099271297454834,-2.9971725463401526,0.003085374341155825,7.788837987499646e-05,9.197806032614852e-05,-4.127078890800476,-12.943581581115723,0.0013877153290877008,0.00014876110459387509,0.02017110187493838,23.903664350509644,-2.996329040499404,0.009853005052038457,7.001386602764774e-05,7.854326756425783e-05
False,4.246742248535156,-2.997078247135505,0.00308251346955609,7.74470443342333e-05,9.435028831145288e-05,-4.003578782081604,-12.939050197601318,0.0013651847536216336,-0.00010865695087720366,0.021914475443737466,24.036608695983887,-2.9962094116490334,0.009824514134346003,6.974049869766532e-05,7.989725328927921e-05
False,4.398392200469971,-2.9969812012277544,0.0030943151565979475,7.713136490559961e-05,9.668611304863343e-05,-3.87774258852005,-12.933779239654541,0.001318335387110219,-0.00036378769604662384,0.024129045165253618,24.172673225402832,-2.996087341569364,0.009797215698223604,6.953490128322825e-05,8.126647355327757e-05
False,4.537924766540527,-2.9968920899555087,0.0031063552658026697,7.691339406596968e-05,9.885580289067236e-05,-3.7630703449249268,-12.929160118103027,0.001256585149078047,-0.0004836301022999303,0.02581998303691882,24.297311782836914,-2.9959753421135247,0.009773134171300438,6.940248742212372e-05,8.250595030897582e-05
False,4.69069766998291,-2.9967938233166933,0.003112554337607555,7.676240329562118e-05,0.00010079507790975131,-3.6387624740600586,-12.925176858901978,0.0011739730246225016,-0.00042184473556273154,0.026596105237148365,24.43321990966797,-2.995853576809168,0.009748220942014921,6.930116429590841e-05,8.384238212698818e-05
False,4.848485469818115,-2.9966918947175145,0.003123163911044644,7.66093116408158e-05,0.00010341645838702803,-3.5117712020874023,-12.921940803527832,0.001085877322525006,-0.0002647181613202175,0.026536851127360938,24.572944164276123,-2.9957275390625,0.009723781774227626,6.922394785381098e-05,8.519966502929306e-05
False,5.010276794433594,-2.9965869141742587,0.0031394955978217057,7.649949134332855e-05,0.00010598765255183799,-3.383484184741974,-12.917598724365234,0.0009523629243704526,-0.00027590348172542477,0.027334522710934957,24.71550750732422,-2.9955987548455596,0.009701727812751694,6.917524949781291e-05,8.646351425106385e-05
False,5.160315036773682,-2.996488952776417,0.003161549303881829,7.642406977828969e-05,0.00010857515407496124,-3.2659762501716614,-12.914039134979248,0.0008610486344109372,-0.00022157498163015522,0.027664485489074436,24.847053050994873,-2.9954803469590843,0.009678959499739077,6.915273485088359e-05,8.781574640321895e-05
False,5.326945781707764,-2.996380005031824,0.003191470849935811,7.635385349599761e-05,0.000111287266811294,-3.1370983868837357,-12.909695863723755,0.0007795096257124786,-0.0002183792336427347,0.028349973358013297,24.992360591888428,-2.9953491212800145,0.009656548252905347,6.914343697358584e-05,8.917861482175889e-05
False,5.48330020904541,-2.996277160709724,0.0032240150575587414,7.630612336485183e-05,0.00011388357248633223,-3.0176089480519295,-12.907591581344604,0.000719070403186055,5.1806842159354865e-05,0.027316756361711506,25.139328479766846,-2.99521575961262,0.009636401712199833,6.914689223270729e-05,9.043608296220933e-05
False,5.6534576416015625,-2.9961654664948583,0.0032563207967459084,7.626972617985302e-05,0.00011672235720514721,-2.889078065752983,-12.90767216682434,0.0006647108499735797,0.0005554268409356787,0.024252792292167886,25.274648189544678,-2.995093078818172,0.009615659102836386,6.91514741463042e-05,9.178148829563687e-05
False,5.82763147354126,-2.996049804612994,0.003277420633171038,7.624007115873066e-05,0.000119338725964795,-2.7589987218379974,-12.908273935317993,0.0006304979345218993,0.0009405336525673202,0.020920175011631514,25.424006462097168,-2.9949572756886482,0.009597063271300567,6.916371769651785e-05,9.30146778677141e-05
False,5.991079807281494,-2.995941162109375,0.0032997127504136243,7.620733576860915e-05,0.00012229209188666906,-2.6382834017276764,-12.907033681869507,0.0006054638995784237,0.0009202668718183017,0.019640835645298435,25.574596881866455,-2.994820556603372,0.009576797516777482,6.918760290412203e-05,9.438468307062537e-05
False,6.168607711791992,-2.995823059231043,0.00332486590392502,7.617731220314905e-05,0.0001252497696326991,-2.508710652589798,-12.904047727584839,0.0005750655298696511,0.0006723411013789106,0.01990858881346865,25.713969707489014,-2.9946936038322747,0.009559035611299857,6.920566281063716e-05,9.561488922668261e-05
False,6.350430965423584,-2.995701293926686,0.003345012478507976,7.614725821307073e-05,0.0001282761294827598,-2.377368927001953,-12.902182579040527,0.0005661248505139282,0.0006315965473499839,0.019294055304572857,25.86730432510376,-2.9945535277947783,0.009539961064332149,6.92271211953498e-05,9.694473068100856e-05
False,6.535447120666504,-2.9955767821520567,0.0033527608112010007,7.612359062592183e-05,0.00013106838594757343,-2.244909703731537,-12.90016222000122,0.0005774497444340542,0.0005536452609343841,0.01882166103486248,26.022511959075928,-2.994411926250905,0.009519697174661999,6.924753827521076e-05,9.840825858719405e-05
False,6.705976486206055,-2.995461120735854,0.0033565756641180384,7.610115683861701e-05,0.0001335711798659409,-2.123962700366974,-12.897133827209473,0.0005782841628871397,0.0003387128337723411,0.01944099785681243,26.16485595703125,-2.9942819215357304,0.009504199968582042,6.92701844515848e-05,9.952653392571626e-05
False,6.895483016967773,-2.9953323365189135,0.003357767696145679,7.608970167101069e-05,0.0001353335329687968,-1.9908690452575684,-12.894584894180298,0.0005608796453866256,0.00027222532074267853,0.019459505170676208,26.322275161743164,-2.9941378785297275,0.00948679384639073,6.928713092680182e-05,0.00010084555666520268
False,7.08601188659668,-2.9952026368118823,0.003354549135173724,7.605934579599019e-05,0.00013881220278398157,-1.8584774732589722,-12.893472909927368,0.0005272626643045128,0.00040561062450056816,0.01825390724318493,26.479777812957764,-2.993993225041777,0.009468913299896011,6.931013450035099e-05,0.0001021882804548267
False,7.277270793914795,-2.99507202161476,0.003353118475439186,7.602544223780857e-05,0.00014263994872639913,-1.7271450757980347,-12.893862247467041,0.0004727840136424598,0.0006718809601808466,0.015862141352701326,26.637094497680664,-2.993848877027631,0.009451985531015675,6.93245128165998e-05,0.00010349104378202862
False,7.458931922912598,-2.994947509840131,0.0033537149237131865,7.600682170021692e-05,0.00014443179289515986,-1.603869080543518,-12.89457631111145,0.0004167556212412888,0.0008741113613693961,0.013491431117440278,26.785802841186523,-2.993712158408016,0.009434937986801816,6.93329177051747e-05,0.00010481305702675176
False,7.653050899505615,-2.994812927208841,0.003353714785800684,7.596710732224958e-05,0.000148162085857305,-1.47361159324646,-12.89633297920227,0.00036704537700140463,0.001129547052481695,0.010392983835505725,26.94396448135376,-2.9935662844218314,0.009420156995074178,6.934194077734837e-05,0.00010598348252405154
False,7.84921407699585,-2.99467742908746,0.003359317498850831,7.592749559041568e-05,0.0001521415767443658,-1.343508005142212,-12.89896845817566,0.0003206729910800969,0.0013736259357974765,0.006851346666922755,27.102983474731445,-2.993419799953699,0.009402751441854967,6.935075943184646e-05,0.00010737788746501535
False,8.05044937133789,-2.9945376589894295,0.003370284915074224,7.58768338453765e-05,0.00015536800197511318,-1.2120471000671387,-12.899768114089966,0.00022733209449706513,0.0012536285064899697,0.0051994444390021126,27.265270709991455,-2.9932696535252035,0.009388327531353184,6.935270044871536e-05,0.00010854944244589094
False,8.252509117126465,-2.994396057445556,0.0033781526431538107,7.583124515766653e-05,0.00015861255057674078,-1.0817205905914307,-12.900988817214966,0.0001692771771211108,0.0011922584500092283,0.00349503812924844,27.42739486694336,-2.993119507096708,0.009371279619807268,6.936442347039567e-05,0.00010994628156484396
False,8.455269813537598,-2.9942544559016824,0.003378748859549124,7.581083011512663e-05,0.00016039419060377648,-0.9524514675140381,-12.902055501937866,0.00013160706718931358,0.0010846498272000641,0.002122640874472395,27.589311122894287,-2.992969360668212,0.009357331634501333,6.936879869770147e-05,0.0001111037997267419
False,8.664665222167969,-2.9941064454615116,0.0033614632684901705,7.57576984976578e-05,0.00016504132969239445,-0.8203959465026855,-12.90266227722168,0.00010550020569674511,0.0009167930775203104,0.0013084637464014842,27.755815029144287,-2.9928149417974055,0.009340763372405296,6.937539670332287e-05,0.00011249264225062742
False,8.87201976776123,-2.9939593505114317,0.003326534887281972,7.573347913852099e-05,0.00016807483095947746,-0.6911470890045166,-12.903900146484375,6.186961200084953e-05,0.0008499809048684108,8.974144006066086e-05,27.92010736465454,-2.9926626589149237,0.009327172654265053,6.938611655228593e-05,0.0001136431293343005
False,9.082316398620605,-2.9938095095567405,0.0032824276263858686,7.570921752449928e-05,0.00017102165082164052,-0.5609877109527588,-12.90394902229309,8.499620991738715e-05,0.0006217868367613308,-1.1717906242789865e-05,28.086194038391113,-2.992508240044117,0.00931143646848288,6.939417468737563e-05,0.00011500131783622577
False,9.29893970489502,-2.9936547852121294,0.0032310483043669173,7.569096447787746e-05,0.0001739464446183876,-0.42781662940979004,-12.903649806976318,0.00011563301039805531,0.00039297994474964007,0.0002453938393296735,28.256765365600586,-2.9923495487309992,0.009297727470147229,6.939814201071143e-05,0.00011614954980902569
False,9.494646072387695,-2.9935147096402943,0.0031734703254198628,7.568476036272874e-05,0.00017645888241958155,-0.3086979389190674,-12.901722431182861,8.463858727041945e-05,1.447442610578118e-05,0.0018704379857713024,28.410512924194336,-2.9922061157412827,0.00928401791829079,6.94050818185371e-05,0.0001172997458276619
False,9.709808349609375,-2.9933602907694876,0.003094195944491623,7.568721139286675e-05,0.00017903530686103276,-0.17871689796447754,-12.897630453109741,6.628035305797085e-05,-0.0005289037265280658,0.0052220431881779055,28.57927703857422,-2.9920486453920603,0.009268640861825375,6.94065536365638e-05,0.0001186473724876181
False,9.929600715637207,-2.99320159945637,0.0029972790091378388,7.570356516886314e-05,0.00018145284198556306,-0.0467987060546875,-12.8931725025177,6.127357500025072e-05,-0.0009150619974854089,0.008619506179732325,28.751501083374023,-2.9918869016692042,0.009256123445036284,6.940935970358236e-05,0.00011977501348986
False,10.149311065673828,-2.9930426026694477,0.00286841384933619,7.574831154423092e-05,0.00018355047866346988,0.0843346118927002,-12.890725135803223,4.971026455406633e-05,-0.0008884302446504494,0.009972045391325353,28.923707962036133,-2.9917260743677616,0.00924086560248269,6.941753551913662e-05,0.00012112827772645872
False,10.367789268493652,-2.992884216364473,0.00265467147979499,7.584463973895089e-05,0.00018495430699827276,0.2142467498779297,-12.888103008270264,1.668929843539738e-05,-0.0008628640340462987,0.011213841811866744,29.095526695251465,-2.991565551608801,0.009228586614581058,6.942257495181093e-05,0.00012224522681275027
False,10.589645385742188,-2.9927233890630305,0.0024449820829346007,7.594737349601224e-05,0.0001860630807771383,0.3456296920776367,-12.88671875,-2.7179716644350367e-05,-0.0006476807663443521,0.011236029016870295,29.270607948303223,-2.9914016723632812,0.009213805626850084,6.94241076135674e-05,0.00012357647423415953
False,10.799342155456543,-2.9925708011724055,0.002251744131441074,7.605830446196447e-05,0.00018689751643233976,0.47923707962036133,-12.884682655334473,-7.8320491902118e-05,-0.000548611132541581,0.011703994326642432,29.450090408325195,-2.991233521141112,0.00920021436151338,6.94317394054718e-05,0.00012482427722502386
False,11.022543907165527,-2.99240814242512,0.002007603671837668,7.620008113574361e-05,0.00018733310954479178,0.600656270980835,-12.884252786636353,-0.0001257657951608234,-0.00027217506225561845,0.010900879030186644,29.614492416381836,-2.9910787967965007,0.009189009776757523,6.943870601222201e-05,0.00012585919908072708
False,11.248641967773438,-2.9922436526976526,0.0018043517548956972,7.633794438392542e-05,0.00018771798842989629,0.7334437370300293,-12.884215116500854,-0.0001512765978590776,-3.7284257422801402e-06,0.009672173263309759,29.795499801635742,-2.9909082036465406,0.009175896298690726,6.943749576670493e-05,0.00012708136634935436
False,11.456865310668945,-2.9920916752889752,0.001636981922955728,7.646725135339402e-05,0.00018801794980354686,0.8655526638031006,-12.883736610412598,-0.00014495848207097755,0.00013355695536788664,0.008929147075158558,29.976530075073242,-2.9907369995489717,0.009162544010377865,6.943597900428586e-05,0.0001283204262043973
False,11.680716514587402,-2.9919281005859375,0.0014566182675510007,7.66207128694837e-05,0.0001881796584720953,0.9869520664215088,-12.883951425552368,-0.00016510485909604342,0.00030042221729613275,0.007783484867337849,30.144088745117188,-2.990578613243997,0.009151457163297724,6.943605055287995e-05,0.00012933345565424985
False,11.906935691833496,-2.9917630003765225,0.0012606381224353786,7.678671490829765e-05,0.00018807868691851447,1.1199102401733398,-12.883046865463257,-0.00013685226670900137,0.0002758892775538518,0.007601269666750268,30.328344345092773,-2.9904043581336737,0.009137869241036555,6.943901656948984e-05,0.00013064317793866256
False,12.114428520202637,-2.991611633449793,0.0010693072928172195,7.695219135668957e-05,0.000187729493393228,1.2425355911254883,-12.882974863052368,-7.462500401612471e-05,0.00035217556244675685,0.006863393821940228,30.49862289428711,-2.990242919884622,0.009124635622950973,6.944081419991933e-05,0.00013186708602785064
False,12.335922241210938,-2.9914498906582594,0.0008585452006105261,7.713763693766723e-05,0.00018709371861548663,1.3743600845336914,-12.881959199905396,8.940696185263266e-06,0.0002786241428451595,0.0069150201968525326,30.681884765625,-2.990068970248103,0.009112357186186136,6.944125078621158e-05,0.00013305719581977886
False,12.560816764831543,-2.9912857059389353,0.0006406306948191059,7.732796387090844e-05,0.00018619173757637662,1.509350299835205,-12.881513595581055,9.715556355602148e-05,0.00030334718613260497,0.006511571182608829,30.86968994140625,-2.9898913577198982,0.009099839780196682,6.944371112111106e-05,0.0001342647609241162
False,12.765329360961914,-2.991136474534869,0.00043678283986351866,7.750965255470449e-05,0.00018513513995978476,1.6331939697265625,-12.882235050201416,0.0001655817130485482,0.0004535413273912263,0.005213874381377831,31.04214572906494,-2.9897277830168605,0.009088395837715615,6.944874127017915e-05,0.0001353629228603425
False,12.983211517333984,-2.9909780882298946,0.00015187263899147665,7.773800604507731e-05,0.00018339614067960583,1.7665128707885742,-12.88198471069336,0.0002098083448895014,0.00042011052912941185,0.004770033408414142,31.22817325592041,-2.9895507814362645,0.009077308993688466,6.945001552092773e-05,0.00013644620005126478
False,13.201385498046875,-2.99081970192492,-0.00022208690305696178,7.801312838759889e-05,0.00018074715529508553,1.901801586151123,-12.882437705993652,0.0002198219229017124,0.00047523451848373267,0.003821114561911029,31.417590141296387,-2.9893701169639826,0.00906538912846938,6.945522168217552e-05,0.00013761840131649365
False,13.41757869720459,-2.9906634520739317,-0.0004996060544844493,7.823794641477786e-05,0.0001781582840923829,2.037294387817383,-12.881992101669312,0.0002124309450914298,0.0003738664931097127,0.0037126341741592615,31.6080322265625,-2.9891885379329324,0.009053110152768143,6.945793281101172e-05,0.00013880989547696406
False,13.630203247070312,-2.9905102541670203,-0.0006726979543544843,7.842501200674675e-05,0.00017600138430525855,2.1715087890625,-12.880174398422241,0.00018632411023351264,0.00012449921781303912,0.004820694634104508,31.797555923461914,-2.9890075689181685,0.009041309501525924,6.946168167705488e-05,0.0001399683279816901
False,13.844338417053223,-2.9903567507863045,-0.0008640288442089807,7.864013088968633e-05,0.00017364925923338417,2.3078293800354004,-12.879733800888062,0.00013983247420443394,0.0001366646855845575,0.004717696837798502,31.991129875183105,-2.988822632469237,0.009028792099554504,6.946187268978727e-05,0.0001412338284397325
False,14.037614822387695,-2.9902188116684556,-0.0009832380496171708,7.879969140966809e-05,0.00017168430157910898,2.431652545928955,-12.880147695541382,9.059905305815796e-05,0.0002452054736449506,0.0038940139021289384,32.16799736022949,-2.988653564825654,0.009018061967846762,6.946965883873697e-05,0.00014229674509618043
False,14.244721412658691,-2.990070801228285,-0.001069068826705443,7.894535669783838e-05,0.00016976175718197138,2.5651793479919434,-12.88113021850586,5.435944170647207e-05,0.00039179160322632556,0.0025989512037954327,32.359663009643555,-2.9884698493406177,0.00900757173172771,6.947495005677572e-05,0.00014335116890999849
False,14.437736511230469,-2.9899337766692042,-0.0011403558902458785,7.906690729998444e-05,0.00016800537902936357,2.7033543586730957,-12.882482767105103,1.9669530307039856e-05,0.000521205565530303,0.0010888648502638378,32.55902576446533,-2.9882785035297275,0.008995888826878405,6.947687884685218e-05,0.0001445040006271622
False,14.645588874816895,-2.989786682650447,-0.0012644529859412283,7.920938568933361e-05,0.00016578428381053745,2.8261771202087402,-12.883798837661743,-5.2213666831505205e-05,0.0006071961709319687,-0.00020879179530788872,32.73767566680908,-2.988107300363481,0.008984803454507534,6.948038621718176e-05,0.0001456572328775639
False,14.84844970703125,-2.989642944186926,-0.0013486145302215081,7.931648260814092e-05,0.0001636784746401838,2.9596405029296875,-12.886053323745728,-8.523463127054108e-05,0.0007530053818603744,-0.0021662147114694568,32.93278789520264,-2.9879199219867587,0.008974551109219228,6.948963813562602e-05,0.0001467008328015057
False,15.03483772277832,-2.989511413499713,-0.0014051198222449132,7.93888249772252e-05,0.0001618164103614834,3.083327293395996,-12.886796712875366,-8.094309709192804e-05,0.0006491330175075375,-0.0026754112480184234,33.11423301696777,-2.9877456668764353,0.008963465737912079,6.949372065096637e-05,0.00014782713165227795
False,15.237528800964355,-2.9893692014738917,-0.0014630555079101096,7.946146839461512e-05,0.00015977921107675406,3.21909761428833,-12.887967348098755,-6.0796731570026846e-05,0.0005938663348064914,-0.003393399316569515,33.31401348114014,-2.987552795559168,0.00895345275143063,6.949861876584387e-05,0.00014886946879695323
False,15.421098709106445,-2.9892410282045603,-0.001561641507563125,7.953870953763338e-05,0.00015762437517228574,3.3434386253356934,-12.887239933013916,-4.7922132077722904e-05,0.0002966934461102255,-0.0024650213985225756,33.51261901855469,-2.9873614506796002,0.008943200409055468,6.949958901432513e-05,0.00014991192528531288
False,15.618955612182617,-2.989102783612907,-0.0016266105685191201,7.958642360065932e-05,0.00015540041533637058,3.4787464141845703,-12.88441777229309,-3.683566715796363e-05,-0.00019174761295921838,0.00024835941477995433,33.6981315612793,-2.9871826171875,0.008931636321679303,6.95023847093363e-05,0.0001511148033274524
False,15.81452751159668,-2.9889663700014353,-0.0016597509374419186,7.961829697933172e-05,0.0001533465987670998,3.6139025688171387,-12.88201642036438,-6.9141387773974846e-06,-0.0004506069163045807,0.0024212768630982925,33.89891052246094,-2.9869888313114643,0.00892209925831961,6.950725809637517e-05,0.00015213291316119645
False,15.992451667785645,-2.9888427732512355,-0.0016869306122547843,7.964809659366187e-05,0.00015149371957384408,3.7381248474121094,-12.88155746459961,1.77621843610859e-05,-0.0003733752788996201,0.0027153028801984716,34.08389377593994,-2.9868096923455596,0.008912324701339716,6.951181461104441e-05,0.00015315476747221503
False,16.18431282043457,-2.9887103270739317,-0.0017615555194043315,7.969198848697289e-05,0.00014921131146406185,3.8736324310302734,-12.88076400756836,2.9683112244953326e-05,-0.0003462108638553912,0.0031312912425234063,34.28630352020264,-2.9866134645417333,0.008902788170704203,6.951576140261213e-05,0.00015416271019236204
False,16.375715255737305,-2.988577880896628,-0.0017843244632818893,7.969573593434617e-05,0.0001477817399428335,4.009971618652344,-12.87882685661316,4.6491622207869335e-06,-0.00045167219140292874,0.004442889385138152,34.490966796875,-2.9864154057577252,0.008892535830170455,6.951889206622794e-05,0.00015524653281278074
False,16.55003547668457,-2.988457947038114,-0.0017615554857690213,7.968112533083963e-05,0.0001454775601350291,4.134500503540039,-12.877979755401611,-7.784365813718411e-05,-0.00038136467148519067,0.004774988579290486,34.67946243286133,-2.986232604831457,0.008881211100844097,6.952239293019748e-05,0.00015644082198370637
False,16.737829208374023,-2.9883285528048873,-0.0016975401822645854,7.96310940300007e-05,0.0001439882325137402,4.269270420074463,-12.87636113166809,-0.00012624262070442795,-0.0003994741329302957,0.005635352062249986,34.88458442687988,-2.986033020541072,0.008871198118456611,6.952814922935399e-05,0.00015752377686906126
False,16.912946701049805,-2.988208313472569,-0.0016053914717958665,7.958184721225873e-05,0.0001428646159007511,4.395525932312012,-12.876110792160034,-0.00014388559073002542,-0.00022477081303195437,0.0053063814215178525,35.07757091522217,-2.9858453376218677,0.008861541846680789,6.953167661441488e-05,0.00015853324649152395
False,17.084468841552734,-2.9880908206105232,-0.0014940498548322231,7.952056790220573e-05,0.0001419911478933776,4.529755592346191,-12.875924110412598,-0.00016093253883041027,-8.681904786956226e-05,0.00485745009230326,35.28372287750244,-2.98564422596246,0.00885200438245615,6.953937053577331e-05,0.00015960209140465891
False,17.27099609375,-2.987963257357478,-0.0013726948688741114,7.94412353831985e-05,0.0001411770415788476,4.654653072357178,-12.874760627746582,-0.0001918077457611087,-0.0001139832851642459,0.005307297707305086,35.47665214538574,-2.9854568485170603,0.008844374735648182,6.954310818740572e-05,0.0001604193136778937
False,17.44292640686035,-2.9878457644954324,-0.0012755392777377276,7.937916173098592e-05,0.0001404451945753109,4.79103422164917,-12.874438524246216,-0.00027644632566799194,-7.989484086146502e-06,0.004994130189293067,35.68920135498047,-2.9852499393746257,0.008834719394968464,6.95466952824427e-05,0.0001614863949093762
False,17.63101577758789,-2.9877166748046875,-0.0011692046126506107,7.929955627415475e-05,0.00013972889959809517,4.91519021987915,-12.872899055480957,-0.000323891614583286,-0.00010492856963909401,0.00575453565880486,35.884005546569824,-2.9850601200014353,0.00882470694159013,6.955433692095022e-05,0.00016258004837784994
False,17.799509048461914,-2.9876016238704324,-0.0010509489842758046,7.921510405607403e-05,0.00013929217041862998,5.037102699279785,-12.870563983917236,-0.00035262106524566506,-0.00027643613789329755,0.0071728529241097,36.09302520751953,-2.984855347312987,0.008815169884443811,6.955621258091183e-05,0.00016362125251295152
False,17.985280990600586,-2.987474976107478,-0.0008767841970359818,7.911001899643532e-05,0.0001391757318829832,5.171072959899902,-12.86679196357727,-0.00039148324598507213,-0.0005427522165846228,0.009634470021333205,36.289262771606445,-2.9846624759957194,0.008805631896292966,6.955779853441434e-05,0.00016467659984016896
False,18.169374465942383,-2.9873492438346148,-0.0006636381064571583,7.898383205480248e-05,0.0001394674401179079,5.302661895751953,-12.864500761032104,-0.0004804134088000113,-0.0005134574477259229,0.010654808326573619,36.50052452087402,-2.984455566853285,0.008796214577580449,6.956393095002902e-05,0.0001657142567708393
False,18.3405704498291,-2.987232055515051,-0.00044786928121890145,7.885484669409992e-05,0.00014003815970204186,5.424187660217285,-12.861851692199707,-0.0005149840150858124,-0.0005518068832314449,0.011872824692722815,36.696990966796875,-2.984262390062213,0.008789300211417345,6.95673304953671e-05,0.0001664928231236675
False,18.51364517211914,-2.9871142581105232,-0.00023329256675318007,7.872445641688615e-05,0.0001408025001511937,5.546417236328125,-12.85792851448059,-0.0005038976587126929,-0.000724912396817423,0.014034721988826215,36.895498275756836,-2.9840673822909594,0.008780360154175567,6.957006926491631e-05,0.0001674591524918722
False,18.704708099365234,-2.986983642913401,-7.390975353108963e-06,7.857914201554072e-05,0.0001418028127591935,5.68070125579834,-12.85237169265747,-0.0004628896424277878,-0.0009896303787323313,0.017258965294028785,37.1143798828125,-2.9838525392115116,0.00877153796801731,6.957573621152855e-05,0.0001684913568326518
False,18.879030227661133,-2.986864624544978,0.0001813173170646737,7.845939833718907e-05,0.0001428120730616856,5.80247688293457,-12.846482992172241,-0.00043296812600157223,-0.0012191953693176474,0.020637573821405457,37.31376266479492,-2.9836563114076853,0.0087622402704613,6.95825240671844e-05,0.00016953587928143706
False,19.055641174316406,-2.98674285877496,0.0003477334885407427,7.834915566690206e-05,0.00014385500204279266,5.937952995300293,-12.841897010803223,-0.00040686129095508815,-0.0010823086741366297,0.02237629221724807,37.536489486694336,-2.9834365844726562,0.008752941642685527,6.958885857257951e-05,0.00017057048962317985
False,19.248390197753906,-2.986611023545265,0.0005005597758009774,7.823898506019255e-05,0.000144982182549217,6.058226585388184,-12.839866876602173,-0.0004171132941892546,-0.0006924220278076431,0.02193706489707859,37.73534393310547,-2.9832406621426344,0.00874411945688222,6.95929063841818e-05,0.00017159487229474862
False,19.42416000366211,-2.9864895632490516,0.0006088017908025285,7.814652256683446e-05,0.00014594552445523667,6.178241729736328,-12.83847165107727,-0.0004867315586587664,-0.0003211772237446117,0.020880108233261144,37.93564987182617,-2.983043823391199,0.008735297684889985,6.959622150355755e-05,0.00017251778463804257
False,19.616535186767578,-2.986357727088034,0.0007025003338617176,7.805360894596643e-05,0.00014693958993786452,6.308777809143066,-12.836061954498291,-0.0004979371972824154,-0.0001336906692716876,0.020547900915714245,38.15470886230469,-2.9828271493315697,0.008725522209065322,6.96051053976641e-05,0.00017351388410465085
False,19.7966251373291,-2.9862335212528706,0.0007799863585869628,7.797812554374787e-05,0.0001478707245524017,6.430571556091309,-12.834788799285889,-0.00045382974436654247,0.00011838122269740472,0.019479970235990164,38.35958480834961,-2.982625123113394,0.00871789495375119,6.960900136346512e-05,0.00017425694453969686
False,19.97484016418457,-2.9861102299764752,0.0008568762888325446,7.78987347693219e-05,0.0001488487645059554,6.5508575439453125,-12.83258056640625,-0.00037062166700335735,0.0001680462294998363,0.01929920645230968,38.56204605102539,-2.9824249278753996,0.008706449567487574,6.961650168018052e-05,0.00017532889643169026
False,20.18144416809082,-2.9859677124768496,0.0009434222181428208,7.781276647526953e-05,0.00015005080026258365,6.701496124267578,-12.830693244934082,-0.00022733209691903122,0.0003133626981185321,0.018421157953863426,38.815168380737305,-2.982174377888441,0.008694886834338325,6.962090583027638e-05,0.00017635161546537405
False,20.380964279174805,-2.9858291633427143,0.0010130403126286445,7.77403070315679e-05,0.0001512147057134866,6.82497501373291,-12.828057765960693,-0.000104427340642909,0.0002443031218097969,0.018682595697039894,39.03919219970703,-2.981951905414462,0.008683800540868638,6.962610961182451e-05,0.0001773243062381103
False,20.58212661743164,-2.9856896977871656,0.001087427014887053,7.767355081340552e-05,0.00015246856602895817,6.960867881774902,-12.825975179672241,2.6822090027043334e-05,0.0002894112163335169,0.018314773170852117,39.249366760253906,-2.9817434698343277,0.008674621138643616,6.963018405323563e-05,0.0001781231669036344
False,20.76416015625,-2.9855630500242114,0.001159906188252673,7.761410245196845e-05,0.00015370150445041927,7.083852767944336,-12.823602199554443,0.00013411045939954315,0.00024358652141927184,0.018403706264931145,39.454383850097656,-2.9815399181097746,0.00866460869411864,6.963679282743948e-05,0.00017898424399392384
False,20.962100982666016,-2.9854254154488444,0.001235008148907627,7.755020044426428e-05,0.00015509952245403475,7.217512130737305,-12.821070432662964,0.0002273320982520965,0.00021764635374576293,0.018476735041450212,39.67668342590332,-2.9813186656683683,0.008652091328528847,6.964803303639093e-05,0.0001800712491693987
False,21.14836311340332,-2.9852948002517223,0.001296162545075246,7.749304931632985e-05,0.00015643131668106105,7.343132019042969,-12.819429874420166,0.00028717519799984555,0.00028340030319732955,0.017914484929890055,39.885271072387695,-2.981111144647002,0.008642791784678612,6.965442600368126e-05,0.0001808526382529642
False,21.351041793823242,-2.985153503715992,0.0013492107784302695,7.744130261082532e-05,0.00015785880498092426,7.479522705078125,-12.816751718521118,0.00032293798624539083,0.0002109689879745683,0.018090235541200966,40.11163330078125,-2.980885621160269,0.008633374472859865,6.966209087594404e-05,0.00018169087960366018
False,21.540874481201172,-2.985020447522402,0.0013819931934121617,7.740028517243524e-05,0.000159140749357436,7.607068061828613,-12.81464958190918,0.0003494023922733603,0.00021899839139061952,0.017935251388652377,40.32312774658203,-2.9806753545999527,0.008623360582515605,6.967208629731137e-05,0.00018255350268379705
False,21.729537963867188,-2.9848886113613844,0.0013781785696019237,7.73793162311957e-05,0.0001602261454588857,7.733742713928223,-12.814338207244873,0.00036048887968370566,0.0004546728809717582,0.016293818828958067,40.533071517944336,-2.9804663099348545,0.008613705263862943,6.967887577833189e-05,0.00018337564076312246
False,21.935611724853516,-2.9847430419176817,0.0013271569247683655,7.738257267430742e-05,0.00016110013536207107,7.872028350830078,-12.81513786315918,0.0003470182348617102,0.0007589048914547041,0.013642896858261928,40.7624454498291,-2.9802371226251125,0.008603810168752606,6.968347073822134e-05,0.0001842687711116185
False,22.12382698059082,-2.984610595740378,0.001251101521173138,7.739845345047446e-05,0.00016164114047731917,7.9982099533081055,-12.816386699676514,0.0003092288956788507,0.000996991529372366,0.010996137284603982,40.97219657897949,-2.9800274670124054,0.008593796278933013,6.969540772178289e-05,0.00018516757853316893
False,22.333271026611328,-2.9844628907740116,0.0011533497152200534,7.742863950497059e-05,0.00016204714747379846,8.138468742370605,-12.817802667617798,0.0002551078298734814,0.0011349807978467896,0.008332677695832513,41.206010818481445,-2.979793395847082,0.008584020816111445,6.970333736760027e-05,0.00018604844894301714
False,22.46626091003418,-2.984369507059455,0.0010890960510755085,7.745434617006339e-05,0.00016222568906006888,8.227495193481445,-12.817525625228882,0.00022435186133220298,0.001016798102222267,0.007805487515578595,41.354736328125,-2.9796438608318567,0.008577107906747374,6.970797164472269e-05,0.00018669491195280244
False,22.721569061279297,-2.984190369024873,0.0009691714415441758,7.75042777300819e-05,0.00016248278968996184,8.398134231567383,-12.814664125442505,0.0001503228979878178,0.000512501671812272,0.00900702852920564,41.64088249206543,-2.979357300326228,0.008566378741937393,6.97191673223791e-05,0.00018763225321025148
False,22.91350746154785,-2.9840551763772964,0.000920414812547268,7.753045293255965e-05,0.00016276958949666098,8.526054382324219,-12.810643196105957,8.904933674989536e-05,1.0527790058373611e-05,0.011495636398204981,41.85628890991211,-2.979140929877758,0.00855779633877227,6.972450809377034e-05,0.00018849102107735803
False,23.10242462158203,-2.9839221201837063,0.0008943080107795366,7.755678161970169e-05,0.0001631719664351191,8.661198616027832,-12.80624270439148,-2.1338464480343545e-05,-0.0003605920294231159,0.014069780116411322,42.085493087768555,-2.9789105225354433,0.008548974157475972,6.973375069641205e-05,0.00018935463948066764
False,23.30637550354004,-2.983778076246381,0.0008814333842744421,7.757187412293641e-05,0.000163646156414514,8.78580379486084,-12.804332256317139,-6.818771595876745e-05,-0.0003004045382521848,0.014390592429500377,42.297523498535156,-2.9786978159099817,0.008540510036882441,6.974078127440595e-05,0.0001901908047305296
False,23.49703025817871,-2.9836434945464134,0.0008929967193894528,7.758512273655726e-05,0.00016432703018101047,8.911474227905273,-12.803014993667603,-6.496905400855889e-05,-0.0001778991497483704,0.014038439269916648,42.51158142089844,-2.9784826673567295,0.008533118834462368,6.974690331211873e-05,0.00019089220866232523
False,23.702394485473633,-2.9834979251027107,0.0009256600997687139,7.759284440597584e-05,0.0001651641362896084,9.046669960021973,-12.799776554107666,-2.8848645891455383e-05,-0.00031904665389692697,0.015158252839481487,42.74190330505371,-2.978250427171588,0.008525133004484636,6.975785206261217e-05,0.00019172229243707677
False,23.894412994384766,-2.983361816033721,0.0009635686333023943,7.758403742794514e-05,0.0001660419512693322,9.172840118408203,-12.795617580413818,-5.960467572704327e-07,-0.0005411543648441108,0.017116091377533983,42.956966400146484,-2.9780337531119585,0.008516906379004005,6.97647903722509e-05,0.00019255318309248587
False,24.102352142333984,-2.983214722946286,0.000997662407869,7.757360123319601e-05,0.0001670113522572194,9.30871295928955,-12.791187763214111,-3.46899000325898e-05,-0.0006647250666594617,0.019024384659021135,43.1895751953125,-2.977799378335476,0.008508920042463558,6.97699430046218e-05,0.00019337093412346898
False,24.239498138427734,-2.98311828635633,0.0010045765347023667,7.757546577415248e-05,0.00016738610099055435,9.398127555847168,-12.789114952087402,-4.208087190871335e-05,-0.0005960154188701326,0.01944565498019105,43.342905044555664,-2.9776443485170603,0.008503912166502963,6.977400902759985e-05,0.0001939058077067093
False,24.49285316467285,-2.9829382319003344,0.0009926556738015528,7.759381702484971e-05,0.00016847619650648183,9.56298828125,-12.786137580871582,-5.114077971434862e-05,-0.00036165722572084976,0.019331376493964565,43.62619590759277,-2.9773590099066496,0.008495211993010291,6.977884251799197e-05,0.0001947383572737543
False,24.685604095458984,-2.982800902798772,0.0009837149536291454,7.759639361238611e-05,0.0001689892417978521,9.698652267456055,-12.784266233444214,-8.893012311890405e-05,-0.00015819173927503617,0.018695216642201178,43.86025428771973,-2.977122498676181,0.008488296707053119,6.978806748648179e-05,0.00019555383532317782
False,24.900747299194336,-2.982647705823183,0.0009747742797369609,7.75911288360526e-05,0.00016982952676201246,9.826290130615234,-12.780646800994873,-0.00018215178255810756,-0.0002636529949961265,0.01969526031404578,44.08220672607422,-2.976898193359375,0.008481739993373615,6.979618210757051e-05,0.0001962840754814059
False,25.093793869018555,-2.9825103767216206,0.000956416019625781,7.759779885174796e-05,0.00017040869557057305,9.949907302856445,-12.77657961845398,-0.0002262592363153892,-0.00038456045142860304,0.02112536831415858,44.29802703857422,-2.976680299267173,0.008474945786189713,6.980319527234018e-05,0.00019702376122562987
False,25.300058364868164,-2.982363587245345,0.0009057520955802991,7.761951121973567e-05,0.00017082111606150357,10.081501007080078,-12.773730516433716,-0.00027799601397455884,-0.000267381396956809,0.02127932877218512,44.5289306640625,-2.976445922628045,0.008468150220085693,6.98095202860169e-05,0.00019780568569520763
False,25.451765060424805,-2.9822555538266897,0.0008503197526541956,7.7644307337004e-05,0.00017097371621097854,10.178242683410645,-12.771548986434937,-0.0002828836246467413,-0.00020879183467820066,0.021409269201893913,44.69908142089844,-2.9762741085141897,0.00846195207766528,6.981430397074183e-05,0.00019849520773337616
False,25.680931091308594,-2.982092285528779,0.0007578134202796818,7.768350812024316e-05,0.00017107651810889188,10.324199676513672,-12.768723011016846,-0.00028872491796740117,-8.096011154966783e-05,0.021176007052361088,44.956703186035156,-2.9760134890675545,0.008453844667252663,6.982479359697911e-05,0.0001993396648563898
False,25.89988136291504,-2.981935730203986,0.0007185935458976551,7.770402288471688e-05,0.00017127420081997053,10.463655471801758,-12.766159534454346,-0.00025618076514466757,3.237869364587146e-05,0.020844526002424184,45.20319366455078,-2.975763550028205,0.00844752730966409,6.982611682154752e-05,0.00020014008354820903
False,26.09202766418457,-2.9817984011024237,0.0007215738799573386,7.770363422665505e-05,0.00017166732026412782,10.586113929748535,-12.76444697380066,-0.00019443035408813167,0.00016562842276286223,0.020118110894438164,45.41951560974121,-2.9755435194820166,0.008442521800784426,6.98293290497837e-05,0.0002007019445594015
False,26.288148880004883,-2.9816586300730705,0.0007503032438347994,7.770207578844873e-05,0.00017226428046075717,10.711256980895996,-12.761544227600098,-0.00010442733501002307,0.00011048944399155224,0.020401062066641704,45.64015579223633,-2.9753198251128197,0.008435725729027276,6.983545187933085e-05,0.00020154119119022217
False,26.511032104492188,-2.9814990237355232,0.0007963180672880924,7.769874631777521e-05,0.000173095587394127,10.853743553161621,-12.759138107299805,4.5299520270807176e-06,0.00017994866740613533,0.019996788184654734,45.890647888183594,-2.9750653076916933,0.0084290498034602,6.983732089934768e-05,0.00020233464337313204
False,26.699037551879883,-2.9813641365617514,0.0008546112851878737,7.768466037995016e-05,0.00017396434829528823,10.97399616241455,-12.756807804107666,8.547305232294898e-05,0.00018161953345611,0.01992272102912985,46.10154151916504,-2.9748498536646366,0.008424997494739154,6.984022946920528e-05,0.00020280315927133293
False,26.917442321777344,-2.9812075812369585,0.000942468571498799,7.764743579376156e-05,0.00017518658966146977,11.113508224487305,-12.755756855010986,0.0001415014237720123,0.00039607634243753924,0.01847693987614674,46.34589385986328,-2.974601136520505,0.00841844078136846,6.984659804514198e-05,0.0002036085381411353
False,27.126405715942383,-2.9810571298003197,0.00103366372339293,7.760028604274879e-05,0.00017651602624423827,11.246150970458984,-12.75514030456543,0.00011372564692821533,0.0005595341942516935,0.016856592824309166,46.578914642333984,-2.9743640143424273,0.008411765357610781,6.985211117393188e-05,0.00020440747465912522
False,27.31755828857422,-2.9809201061725616,0.0011175868730162125,7.75513757670019e-05,0.0001778308751185977,11.366936683654785,-12.753167629241943,0.00010216235962088411,0.00046421139384889156,0.016709019103023064,46.7913818359375,-2.9741470348089933,0.008407712115522539,6.985882044053395e-05,0.00020493398175699465
False,27.535993576049805,-2.98076293990016,0.001212358482312523,7.749712674343982e-05,0.00017943126521247784,11.504023551940918,-12.750842332839966,5.614757400211382e-05,0.0003689571455689377,0.016717598668907686,47.03328514099121,-2.9739001467823982,0.008401274615264418,6.986696987078305e-05,0.00020573067007909074
False,27.750394821166992,-2.9806082155555487,0.0012899637213177472,7.743733002396872e-05,0.00018102390861997545,11.63794994354248,-12.74853515625,4.911422232028603e-05,0.000283928728890828,0.016780265346151468,47.269832611083984,-2.9736587535589933,0.00839483711625587,6.98730281439923e-05,0.0002065070785358315
False,27.946544647216797,-2.9804669190198183,0.0013235806429426516,7.739506541948851e-05,0.00018221575520062307,11.76003360748291,-12.746307373046875,4.243850747912556e-05,0.0002143033502864275,0.016948649072231686,47.4857120513916,-2.97343872115016,0.008390427166906517,6.987605397450269e-05,0.00020709956531158612
False,28.16756820678711,-2.9803063962608576,0.0013206004765007684,7.736210045782692e-05,0.00018355643150817221,11.897111892700195,-12.745819091796875,1.7404557576996172e-05,0.00042149403671461644,0.015438156314151614,47.72861289978027,-2.973190613090992,0.00838387095347855,6.988267742611988e-05,0.0002079419485117753
False,28.365924835205078,-2.9801632687449455,0.0012967584534839328,7.734221714737675e-05,0.00018447846347937274,12.031949996948242,-12.74630856513977,-1.7046925397813133e-05,0.0006563501187135504,0.0132036631279742,47.96822166442871,-2.972945861518383,0.008379936925443707,6.988690831584383e-05,0.0002084487603462268
False,28.5808048248291,-2.980007018893957,0.0012570618957507375,7.733452802201319e-05,0.00018533620609394736,12.151978492736816,-12.745607852935791,-4.959106214543814e-05,0.0006381028586600525,0.012339278007996711,48.18215751647949,-2.972726745530963,0.008373618638728987,6.988664766753099e-05,0.0002092706360930271
False,28.799428939819336,-2.979848023504019,0.0011965035141921934,7.73431966555348e-05,0.00018601831223952168,12.286233901977539,-12.746099710464478,-7.891655018282293e-05,0.0007785223868898946,0.010470891727897343,48.42206001281738,-2.9724810793995857,0.008369684610509668,6.989342207473267e-05,0.0002097849091489129
False,29.006750106811523,-2.9796972665935755,0.001133799373996114,7.735451196430064e-05,0.00018655868806972533,12.4257230758667,-12.74676513671875,-9.739397773777688e-05,0.0008505051813270725,0.008576146769208527,48.671884536743164,-2.972224732860923,0.00836300868568393,6.990267506152256e-05,0.00021061875900880227
False,29.221261978149414,-2.9795413203537464,0.0010753868392057012,7.737690052724975e-05,0.00018705438349644624,12.544198989868164,-12.74594235420227,-0.00015187263503288936,0.0006927834497851282,0.008311504242438816,48.88514518737793,-2.972006531432271,0.008358597805132702,6.990553743090428e-05,0.00021123403334813472
False,29.422101974487305,-2.9793948363512754,0.0010243652215079604,7.740367840890099e-05,0.00018748699672316955,12.680262565612793,-12.745737314224243,-0.0001629590897127508,0.0006378240313128521,0.007508267310501835,49.13052177429199,-2.9717544559389353,0.008354186492824007,6.990984025312799e-05,0.00021180193022732064
False,29.652305603027344,-2.9792266841977835,0.0009928941676249007,7.74155071310921e-05,0.00018802001162328302,12.806727409362793,-12.744615316390991,-0.0001305341674664217,0.00046376337138895237,0.007623532545152397,49.358558654785156,-2.971520386636257,0.008348107562779443,6.991426690902904e-05,0.00021262313544036617
False,29.869386672973633,-2.979068297892809,0.0009863375176409081,7.742776411001115e-05,0.00018851183634906082,12.93889331817627,-12.745078086853027,-8.404254365239854e-05,0.0005452215775693757,0.006410356491216866,49.59673309326172,-2.9712759405374527,0.008344053390437275,6.991751920911403e-05,0.00021317665069570894
False,30.0679874420166,-2.9789236448705196,0.001001715480735985,7.744064636547039e-05,0.00018954657159419945,13.05972671508789,-12.746342658996582,-3.838538899985975e-05,0.0006824850216782236,0.004641807405665393,49.81435012817383,-2.9710519406944513,0.008340000149762392,6.992279409592712e-05,0.00021371843089071685
False,30.285219192504883,-2.978764344006777,0.0010358093143595824,7.742956315559904e-05,0.00019053644469292175,13.19180679321289,-12.745854377746582,1.704692508110372e-05,0.0005122372689792112,0.0044363180183091926,50.051918029785156,-2.9708071909844875,0.00833511335331569,6.993108252720646e-05,0.0002142650686537038
False,30.51082992553711,-2.97859893925488,0.0010746717498404078,7.742427053922578e-05,0.0001916673974194475,13.328777313232422,-12.743047952651978,5.793571421213847e-05,7.946313065141338e-05,0.006263214710021777,50.29815864562988,-2.970553895458579,0.008330583258037013,6.993436805358743e-05,0.00021496979168800378
False,30.736957550048828,-2.9784332271665335,0.001126646795652018,7.740328660322008e-05,0.00019292980606462775,13.465730667114258,-12.738614559173584,8.845328617378054e-05,-0.00041278990727421165,0.009384027330444796,50.5443115234375,-2.970300294458866,0.008324383747572663,6.993836184096521e-05,0.00021587211639435242
False,30.939655303955078,-2.978283692151308,0.0011706351180512326,7.738064175346723e-05,0.00019411381432883154,13.588275909423828,-12.736218214035034,0.00011348723687646103,-0.0004926846927294848,0.010638873237541297,50.764373779296875,-2.970072938129306,0.008320093012477834,6.994165878948579e-05,0.0002164614357712168
False,31.16558837890625,-2.9781176764518023,0.001187443719293348,7.73712985362138e-05,0.00019501522476193984,13.724597930908203,-12.73402714729309,0.00012135506274942967,-0.00048363013507947487,0.011391946591219691,51.009246826171875,-2.9698205571621656,0.008315800414074558,6.99488586327184e-05,0.00021706087039280746
False,31.373510360717773,-2.977964172139764,0.0011594294782542604,7.737384908750745e-05,0.0001961340985381319,13.849809646606445,-12.731082677841187,0.00010442733549348203,-0.0005779060499652985,0.012739158919817464,51.26021385192871,-2.969561768695712,0.008311508748204164,6.995101233624538e-05,0.0002176459648184638
False,31.601627349853516,-2.9777957163751125,0.001093387475541503,7.739299512125717e-05,0.0001967454339327711,13.986928939819336,-12.729743480682373,6.15119980153839e-05,-0.000369114133263386,0.012507370551502079,51.48178672790527,-2.969333192333579,0.008307098800887943,6.995636466266577e-05,0.00021823760212408166
False,31.82402229309082,-2.977631226181984,0.001020192985615853,7.741579676033054e-05,0.0001971622072978952,14.120275497436523,-12.73043441772461,5.960463776150729e-06,3.489361403556936e-05,0.010529749119732396,51.723060607910156,-2.969084167852998,0.00830316477239086,6.996209755162141e-05,0.00021881256685548985
False,32.04835891723633,-2.977465821430087,0.0009446143111808775,7.7444839182339e-05,0.00019746969514857982,14.254541397094727,-12.729189395904541,-3.778934575109915e-05,5.04293321423078e-05,0.010271231297684492,51.966678619384766,-2.9688323978334665,0.008298755318866003,6.996441591985896e-05,0.00021944831176791874
False,32.25336837768555,-2.9773141480982304,0.0008724927168349195,7.74792093394957e-05,0.00019765043972381016,14.376995086669922,-12.726369619369507,-8.094309645267808e-05,-0.0001486044200511912,0.011558554848757134,52.18960189819336,-2.9686022959649563,0.008294821290888507,6.996824765830106e-05,0.00022001514853413933
False,32.47561264038086,-2.9771502688527107,0.0007951260240657266,7.752732960136351e-05,0.00019776273283574454,14.509479522705078,-12.724079608917236,-0.0001331567801448324,-0.00018322547060829498,0.012274909763940228,52.431640625,-2.968351747840643,0.00829088726344475,6.997018312769802e-05,0.0002205761711433676
False,32.69741439819336,-2.9769860841333866,0.0007274150654400876,7.757257551922163e-05,0.00019784329822700807,14.640745162963867,-12.723366737365723,-0.0002716779926334761,-1.5978970549088874e-06,0.011577326761136236,52.67354965209961,-2.9681011959910393,0.008286594665373962,6.997845895793245e-05,0.00022118490871457665
False,32.9250373840332,-2.9768176283687353,0.0006865262599258886,7.761168789054905e-05,0.00019802618296131712,14.773509979248047,-12.721651554107666,-0.0005149841036692577,-4.79369011666102e-06,0.011701200333593443,52.92203140258789,-2.967843323945999,0.00828242314483111,6.998069380855423e-05,0.00022174489077861088
False,33.130210876464844,-2.976665649563074,0.0006844996860551759,7.763109275847736e-05,0.00019837844182157282,14.902631759643555,-12.720328330993652,-0.0006662606805677634,5.074032899982679e-05,0.011554668198756099,53.166229248046875,-2.9675900265574455,0.008278011332747906,6.998754172268745e-05,0.00022241563885721523
False,33.35374069213867,-2.976499939337373,0.000719189627982207,7.76466687940619e-05,0.00019902013888219419,15.020170211791992,-12.719995021820068,-0.000717520677837219,0.00019377692302025397,0.010687318212993934,53.38971710205078,-2.967358399182558,0.00827360045229529,6.999435014449077e-05,0.00022308280695167794
False,33.58185577392578,-2.976329956203699,0.0007883309962084221,7.764165552892738e-05,0.00019996317126165408,15.149953842163086,-12.717657327651978,-0.0007451772513041111,3.408843170364779e-05,0.01143638181454142,53.637908935546875,-2.9671008326113224,0.008269666918617111,6.999962641575091e-05,0.00022362841679457262
False,33.807132720947266,-2.9761627204716206,0.0008801220809810828,7.760993722149062e-05,0.00020116286944523988,15.277053833007812,-12.714261531829834,-0.0007488726952925415,-0.00020026968455985302,0.013114632524900608,53.88230514526367,-2.96684692427516,0.008265256038797741,7.000561853464793e-05,0.00022428072382645858
False,34.014461517333984,-2.9760086070746183,0.0009799001256157222,7.757304559597278e-05,0.00020246742660929578,15.393293380737305,-12.712766170501709,-0.000714182808461702,-0.00012570119276681033,0.013189856654212007,54.12923812866211,-2.966589964926243,0.008262157434260106,7.000845678405315e-05,0.00022470864337595535
False,34.245994567871094,-2.975836182013154,0.0010914801274628716,7.75147079253993e-05,0.00020410801015164763,15.522483825683594,-12.711291551589966,-0.0006422996427913727,-4.846951432255012e-05,0.013025599577525585,54.35585021972656,-2.9663543701171875,0.008257984047824374,7.001567401750704e-05,0.00022536333590533563
False,34.476165771484375,-2.975664062425494,0.0012090204175395835,7.744457359666967e-05,0.0002059144162200191,15.650177001953125,-12.709067344665527,-0.0005694627733800252,-8.255798369122897e-05,0.013503597202117823,54.602664947509766,-2.966097716242075,0.008253812527190834,7.001914600129258e-05,0.0002259432882722925
False,34.7051887512207,-2.975492859259248,0.0013289450097934358,7.736083474625033e-05,0.00020787305390003647,15.776342391967773,-12.708304405212402,-0.0005209445418367626,9.150788421407033e-05,0.012745663456983842,54.847042083740234,-2.9658438116312027,0.008249520861072413,7.002068155327738e-05,0.0002265868643682325
False,34.91670227050781,-2.975335083901882,0.0014340877316239007,7.727588559842403e-05,0.0002097802478453847,15.891790390014648,-12.708122491836548,-0.0005145073172029836,0.00026100089207718686,0.01162542758257184,55.071624755859375,-2.9656103514134884,0.008245586832544893,7.002472663928491e-05,0.00022720870834081687
False,35.154293060302734,-2.9751556403934956,0.0015321967818331275,7.718339655358592e-05,0.0002119354427185565,16.02076530456543,-12.707419395446777,-0.00046229362583039447,0.00032772984500446394,0.010895874777006685,55.32271957397461,-2.9653485119342804,0.008243440999829392,7.002498168631068e-05,0.00022752582304522284
False,35.38785171508789,-2.9749798588454723,0.001609206102353995,7.708688359494683e-05,0.00021402573550348102,16.146915435791016,-12.707643985748291,-0.00040006636100018106,0.00047848655260040226,0.00950856548671315,55.568397521972656,-2.965092469006777,0.008239508395575986,7.002783841787365e-05,0.00022810460163496323
False,35.58558654785156,-2.9748300183564425,0.0016717908859340451,7.700599460705088e-05,0.00021582152980558728,16.253185272216797,-12.706852912902832,-0.0003510713570604397,0.0004255906058637866,0.009252524660882491,55.77545166015625,-2.9648764058947563,0.008235574367714639,7.002679889833591e-05,0.0002287264828354097
False,35.84440994262695,-2.9746340941637754,0.0017571448682051698,7.689501276703533e-05,0.00021826548462494766,16.391460418701172,-12.70712161064148,-0.00029933448875993975,0.0005413196704812112,0.007935505086112845,56.04509353637695,-2.9645953364670277,0.00823116255760159,7.002672238223707e-05,0.0002293965180552185
False,36.084110260009766,-2.9744522105902433,0.001826882320132065,7.679872840608212e-05,0.00022058144118328405,16.518829345703125,-12.707852840423584,-0.0002444982337896647,0.000644438409230643,0.006404802280236821,56.29344177246094,-2.9643356315791607,0.008229017656563873,7.002930271549982e-05,0.00022969984700824128
False,36.32768630981445,-2.9742660522460938,0.0018674134548927386,7.671337174208808e-05,0.00022283269693868345,16.647695541381836,-12.707051992416382,-0.00019121168809353297,0.0004999328386775779,0.006305064190315962,56.54461669921875,-2.9640731811523438,0.008224844272788094,7.003193036193098e-05,0.0002303176309625421
False,36.55461883544922,-2.974092712625861,0.001875758186596113,7.66665567503066e-05,0.00022418205446338672,16.767333984375,-12.707282543182373,-0.00014591215602825693,0.0005245242813613537,0.005476508577707563,56.777748107910156,-2.9638290405273438,0.008220314179399621,7.004118975909753e-05,0.00023103540181865657
False,36.79692840576172,-2.9739065561443567,0.001875519704677289,7.660600252115022e-05,0.00022601445385863069,16.894819259643555,-12.70744252204895,-8.368491239255508e-05,0.0005062552895274232,0.004717619051824079,57.025779724121094,-2.9635696411132812,0.008218168345486226,7.004377720276834e-05,0.00023138912442081138
False,37.04458236694336,-2.97371612675488,0.0018806457407385775,7.653261385625405e-05,0.00022851276900852501,17.024776458740234,-12.705350399017334,-2.6702876457510243e-05,0.0001777540780463422,0.00592155066956869,57.278236389160156,-2.9633050560951233,0.00821375795631389,7.005062840424148e-05,0.00023205413769038227
False,37.292259216308594,-2.9735253918915987,0.0019067524181001435,7.64689879951818e-05,0.0002308002574364651,17.15407943725586,-12.701667308807373,-7.98702088513933e-06,-0.00024288027589315062,0.008451883758711759,57.529563903808594,-2.9630419947206974,0.008209348007533285,7.006152526203734e-05,0.00023274214601040627
False,37.5172119140625,-2.9733517467975616,0.0019358394552176424,7.641695056334914e-05,0.0002327953319038828,17.270549774169922,-12.700314998626709,-5.006789738300974e-05,-0.00022903182256839798,0.008925164237419148,57.75676727294922,-2.9628042615950108,0.008207201242575648,7.006430273676277e-05,0.00023308815673550018
False,37.763702392578125,-2.973160706460476,0.0019612312251231895,7.636933941227223e-05,0.0002349983308550594,17.39735221862793,-12.700825214385986,-8.046626183561829e-05,3.9411049985844226e-05,0.007615795264323336,58.004638671875,-2.9625448621809483,0.008203267214646117,7.006748086741116e-05,0.0002337213765552951
False,38.01654815673828,-2.972964173182845,0.0019649266406252396,7.633417946081931e-05,0.00023716037378051981,17.526702880859375,-12.70034909248352,-9.429454087559352e-05,9.828765189712893e-05,0.007135003061976061,58.257850646972656,-2.9622793570160866,0.008201359807565815,7.006943555155244e-05,0.00023401654767018723
False,38.26505661010742,-2.9727706909179688,0.001930713455222097,7.632494165119576e-05,0.00023903937778427907,17.653339385986328,-12.701371908187866,-9.214878221361932e-05,0.0003429588971047639,0.005496186922144057,58.50596237182617,-2.9620193503797054,0.008197425780136774,7.007298901854801e-05,0.00023463927696242692
False,38.51651382446289,-2.9725744631141424,0.0018228291951747492,7.634554769828869e-05,0.00024040198596611377,17.78150749206543,-12.704410314559937,-5.388259202344478e-05,0.0007618567395902276,0.0022655079669905,58.75678253173828,-2.9617562890052795,0.008192895689317546,7.00796281903859e-05,0.00023531189634131265
False,38.74539566040039,-2.9723956305533648,0.001738905815720175,7.636269613868213e-05,0.0002415021057814935,17.910167694091797,-12.707759857177734,4.6372407297196765e-05,0.0010518399762143372,-0.0009795103895496719,59.007408142089844,-2.9614932276308537,0.008190749854822028,7.008096755001673e-05,0.00023569717707531528
False,38.99748992919922,-2.972198486328125,0.0016487835646018596,7.639781260932424e-05,0.00024260379180507692,18.028017044067383,-12.708848714828491,0.00016331673127095418,0.0009437293673580096,-0.0019915116794904353,59.23556900024414,-2.9612533561885357,0.008188485741182368,7.008247138390599e-05,0.000236030285161229
False,39.24763870239258,-2.972002563998103,0.0014919040567764948,7.647956914902764e-05,0.00024317565780927676,18.15732192993164,-12.708276271820068,0.00027000899620793935,0.0006117927464473687,-0.0013789843145184646,59.48468780517578,-2.9609912112355232,0.008184075349549957,7.008903328500497e-05,0.0002367397537031573
False,39.503028869628906,-2.971802368760109,0.0013443231375969773,7.656934578767375e-05,0.00024353815452420098,18.2899112701416,-12.709372520446777,0.0003340244002033335,0.0005878687337072351,-0.002103364473332972,59.739261627197266,-2.960723876953125,0.008181928584246748,7.009021541813286e-05,0.00023711053991368948
False,39.752586364746094,-2.971606446430087,0.0012222528019682666,7.666044060539265e-05,0.0002438372016459812,18.419843673706055,-12.711301326751709,0.00036394594634275645,0.000649680735858277,-0.00351750319079804,59.98817443847656,-2.9604617320001125,0.008178114701713743,7.009161489238239e-05,0.00023771487082166798
False,40.004539489746094,-2.971408387646079,0.0010954139170953868,7.677376745594349e-05,0.000243991989469925,18.551504135131836,-12.711434364318848,0.0003838539472409022,0.0004326163858463428,-0.003309777016275871,60.239784240722656,-2.9601965323090553,0.008174180673842043,7.009603392314339e-05,0.00023836244382391004
False,40.259986877441406,-2.9712072759866714,0.0009530781343023186,7.690222549932038e-05,0.00024391293636089354,18.68570327758789,-12.71121096611023,0.0004144906873429875,0.00023439847889907852,-0.00272814309789345,60.49540328979492,-2.959927063435316,0.008172273265977628,7.010017119110114e-05,0.00023868284243503207
False,40.489532470703125,-2.971027221530676,0.0008163451991613461,7.70358589445234e-05,0.00024363321123798095,18.807031631469727,-12.712003231048584,0.00044715403931359465,0.0002289259196549988,-0.00306902709041442,60.72569274902344,-2.9596844501793385,0.008168219094250811,7.010597052080431e-05,0.00023933791098721587
False,40.73918533325195,-2.9708316046744585,0.0006661415180511953,7.71904786321113e-05,0.00024313333876970443,18.939823150634766,-12.711185216903687,0.0004761218669218979,-9.58737997486995e-06,-0.0020405134838071557,60.97690200805664,-2.9594192504882812,0.008166073262477667,7.010654871411226e-05,0.00023965482305498797
False,40.99285888671875,-2.9706323239952326,0.0005122423122741438,7.735252604565812e-05,0.00024243605340674697,19.075605392456055,-12.708334922790527,0.0004900693663881683,-0.00042450781668076893,0.0006611755020176904,61.23305892944336,-2.9591494761407375,0.008161662385092545,7.011064945165015e-05,0.00024032772710995753
False,41.23929214477539,-2.9704394545406103,0.00036227702413565863,7.751668122656292e-05,0.00024157105710431956,19.208295822143555,-12.7070152759552,0.00048434733988177614,-0.0004884236757764683,0.0018803907654400558,61.48291778564453,-2.9588864147663116,0.008157252443830226,7.011697815059317e-05,0.0002408572008239584
False,41.48781204223633,-2.9702444467693567,0.00022876261481536705,7.767506780172882e-05,0.00024062450311912204,19.342689514160156,-12.706584453582764,0.00044775006931035456,-0.00039468048925148856,0.002146074060221716,61.73586654663086,-2.9586190804839134,0.008153080483973334,7.012022730240165e-05,0.0002413359273491411
False,41.71636199951172,-2.970065614208579,0.0001329183440206279,7.78122014488553e-05,0.0002397967855654948,19.46656608581543,-12.707188606262207,0.00038719180138923763,-0.00019494342814960363,0.0014537265316800641,61.96928787231445,-2.958372499793768,0.008149028184651304,7.012389720289819e-05,0.00024172475763833983
False,41.96474075317383,-2.96987091191113,6.628035521596842e-05,7.795097158988308e-05,0.00023904308506572587,19.601354598999023,-12.706749200820923,0.0003137588116801005,-0.00017523599448291316,0.0016270023158437993,62.22367477416992,-2.958103943616152,0.00814461638391342,7.013403670229413e-05,0.00024215178583252177
False,42.21001052856445,-2.9696795661002398,3.385543550533078e-05,7.806909716032678e-05,0.00023848659475304257,19.734663009643555,-12.706795692443848,0.00026071070265195424,-8.149271658356675e-05,0.0014171474786048308,62.475425720214844,-2.957838136702776,0.008139967091356155,7.013820369590246e-05,0.00024256518949565916
False,42.4600715637207,-2.969484558328986,1.76429746390283e-05,7.816497827142443e-05,0.0002380765300047436,19.870824813842773,-12.708248138427734,0.0002216100794216924,0.00016811534116175736,3.0215788119102065e-05,62.73263931274414,-2.9575665295124054,0.008133648822941092,7.014437610649551e-05,0.00024310528933443518
False,42.690311431884766,-2.969305420294404,1.3709068021752953e-05,7.820316602973809e-05,0.00023791374430320284,19.996410369873047,-12.709053993225098,0.00019574164298276345,0.00024860725064216807,-0.0007275756600171336,62.96989059448242,-2.9573150649666786,0.008129238887969525,7.014749154197038e-05,0.00024348303023895624
False,42.93935775756836,-2.9691116344183683,4.30345499711908e-05,7.830423312714227e-05,0.000237609564955994,20.132474899291992,-12.708500862121582,0.00018668174238965258,0.00011595732015543844,-0.00023702134145456478,63.226768493652344,-2.9570431523025036,0.008124828506032787,7.015286233607341e-05,0.0002438547847582076
False,43.19267654418945,-2.9689135756343603,9.81092493264897e-05,7.833124238271555e-05,0.00023773129612522282,20.27109718322754,-12.706932306289673,0.00019419192575030508,-9.480853323178855e-05,0.0011371826284886115,63.48809814453125,-2.956766054034233,0.0081181516690736,7.016315248943583e-05,0.00024440580228923895
False,43.42223358154297,-2.9687341302633286,0.00015795231756445801,7.83368781739513e-05,0.00023799784585437286,20.396793365478516,-12.707447528839111,0.00019133089407796168,3.987127112998685e-05,0.0006751080992215324,63.724910736083984,-2.9565155021846294,0.008113741734807608,7.01670307444014e-05,0.00024476854305822174
False,43.67108154296875,-2.9685394279658794,0.000230550761559,7.832429411467312e-05,0.0002384415544921804,20.532934188842773,-12.709444522857666,0.0001714229750036719,0.00031885116133644473,-0.0010844392544318035,63.98148727416992,-2.9562435932457447,0.008109568363884203,7.017028961714914e-05,0.00024509198477551576
False,43.90373611450195,-2.968357849866152,0.00026667115153466346,7.831805731451215e-05,0.0002387645229692097,20.660253524780273,-12.710766553878784,0.00015342235402292391,0.00041304806602063997,-0.0021736717672915773,64.22146224975586,-2.9559893794357777,0.008102892458717101,7.017905156474189e-05,0.00024565933789206205
False,44.154502868652344,-2.9681625366210938,0.00035381315805749355,7.826673620356754e-05,0.0002394031788595601,20.79723358154297,-12.71034550666809,0.00012731551849261803,0.0002323252455483723,-0.001649561637103085,64.47980499267578,-2.9557153321802616,0.008098481592536627,7.018635304570855e-05,0.00024604230516385005
False,44.40345001220703,-2.967968139797449,0.0004817247372456926,7.818596603695498e-05,0.00024044195411192945,20.932695388793945,-12.708789110183716,9.238719375307334e-05,-4.474110689606357e-05,-0.0001310275121889176,64.73556518554688,-2.955443724989891,0.008094071209379843,7.019085526960869e-05,0.0002464233839536625
False,44.638084411621094,-2.9677841179072857,0.0006077289622248637,7.809923922776025e-05,0.00024165486032893147,21.059749603271484,-12.706244945526123,4.839897678904734e-05,-0.00035526563306714526,0.002124243959709886,64.97590255737305,-2.9551889039576054,0.00808966127303239,7.020382192112887e-05,0.0002468316364486284
False,44.89232635498047,-2.9675845354795456,0.000725865346586839,7.800258572477495e-05,0.00024305422006109514,21.19671630859375,-12.704988956451416,-7.390975855900127e-06,-0.0003797667657911483,0.0031066567324378376,65.23561477661133,-2.9549127221107483,0.008085249474911377,7.020987740752038e-05,0.00024724245112977156
False,45.12566375732422,-2.9674020409584045,0.0008062123907743464,7.791108370318828e-05,0.00024429473201764473,21.332225799560547,-12.703421592712402,-6.556511906137925e-05,-0.0004303668727674915,0.004158800608203055,65.4933090209961,-2.9546395875513554,0.008081316390626645,7.021038206118696e-05,0.00024761039033417513
False,45.38111877441406,-2.9672012329101562,0.0008535384068856322,7.78238697610275e-05,0.0002454767763961008,21.458078384399414,-12.701303720474243,-0.00011610983837725408,-0.0005246426409761749,0.005584345863337401,65.73333740234375,-2.954384461045265,0.008077382374890963,7.021342192602351e-05,0.00024797589499047024
False,45.638187408447266,-2.9669985957443714,0.0008507966835637817,7.775342407843059e-05,0.0002463538871951178,21.59474754333496,-12.700289249420166,-0.00016891957152323733,-0.000411724692693728,0.005901968449864068,65.99475479125977,-2.9541064463555813,0.008073448357397546,7.022416625474143e-05,0.0002483685848215298
False,45.87125015258789,-2.9668145775794983,0.0008113384339856371,7.770744764675051e-05,0.00024684871107238384,21.717947006225586,-12.697935819625854,-0.00025832647401440435,-0.0005230448368057082,0.00730017948238244,66.2318344116211,-2.9538543708622456,0.008071063173379587,7.023053778927238e-05,0.00024859844653338616
False,46.12521743774414,-2.96661376953125,0.000737667068903573,7.767840534353522e-05,0.0002470749944983544,21.851757049560547,-12.69356918334961,-0.00032651421648198536,-0.0008117315305302442,0.010240477259010115,66.4904670715332,-2.953580018132925,0.008066773861442483,7.02376798486788e-05,0.0002490502922788649
False,46.37744140625,-2.966415099799633,0.000642657249706267,7.767270596334321e-05,0.0002470113987745067,21.984460830688477,-12.691407442092896,-0.0003653764443010957,-0.0006780407559058981,0.011111268185872828,66.74777221679688,-2.9533062763512135,0.00806224378042899,7.024608382271165e-05,0.0002495281095352614
False,46.60496520996094,-2.9662350453436375,0.0005477666502322923,7.769009066484263e-05,0.00024675520651160586,22.103961944580078,-12.691964149475098,-0.0004032849947723866,-0.00024074977460637094,0.009607561965178285,67.00184631347656,-2.9530361965298653,0.008060097020906586,7.024919419509243e-05,0.00024976890978224426
False,46.8531494140625,-2.9660391248762608,0.0004433393717334895,7.772981246665793e-05,0.0002463194991067944,22.234132766723633,-12.693548440933228,-0.0004367828334037402,0.0002206940024805564,0.0071489607332642854,67.23471069335938,-2.952788393944502,0.008056163003356437,7.025114631584443e-05,0.00025020417236539465
False,47.103294372558594,-2.9658416770398617,0.00035810470455959945,7.777561259067017e-05,0.0002458589401550487,22.365148544311523,-12.694262742996216,-0.0004616975921327428,0.0004180985022823809,0.005609573651882393,67.49163055419922,-2.9525143429636955,0.008054255599718453,7.025384861970731e-05,0.0002504449504888609
False,47.35209274291992,-2.9656451418995857,0.0002928971990710707,7.783039877714182e-05,0.00024544010858025203,22.495189666748047,-12.693900108337402,-0.0004845857754382453,0.0003997399412080468,0.005189482556399247,67.74765014648438,-2.9522415176033974,0.008050202368783534,7.025824553033631e-05,0.0002509117091723433
False,47.60000228881836,-2.9654498286545277,0.0002362728065923744,7.78938312839285e-05,0.000245023384810561,22.624555587768555,-12.691614866256714,-0.0004996060025714308,0.00012322100443925137,0.006503480185684289,68.0032844543457,-2.9519696049392223,0.008048294965897368,7.02580947388202e-05,0.0002511435699454606
False,47.85185623168945,-2.965252075344324,0.00018489359448837096,7.796341387228884e-05,0.0002445931259743584,22.75596046447754,-12.688665628433228,-0.0004856586318653085,-0.00014168015911516797,0.008341386387821793,68.26352310180664,-2.9516922011971474,0.008044241733231127,7.02615938618339e-05,0.00025167001741665157
False,48.07673645019531,-2.9650750756263733,0.00013506411935065128,7.802804837977814e-05,0.00024415046760661207,22.873451232910156,-12.687170267105103,-0.0004564523475422685,-0.00014540862585938827,0.00889495818386556,68.49642562866211,-2.951443787664175,0.008042097767138719,7.02648921784127e-05,0.0002519368665838064
False,48.32239532470703,-2.9648818969726562,7.80820831711807e-05,7.810244450352643e-05,0.0002435907918851729,23.00180435180664,-12.687017679214478,-0.0004483461283470676,4.425333109950332e-05,0.008126683108564809,68.7514877319336,-2.951171264052391,0.008039831794413983,7.026564645373704e-05,0.00025222643137828436
False,48.56837463378906,-2.9646887220442295,2.1576879393486153e-05,7.817922910029707e-05,0.00024296717531872326,23.12982177734375,-12.685108661651611,-0.0005060434819236873,-6.551375544505864e-05,0.00882216607712961,69.00758361816406,-2.950897827744484,0.008037687375420984,7.026702467213945e-05,0.00025252175156971956
False,48.81767654418945,-2.964493714272976,-2.8252599819002718e-05,7.824787990098947e-05,0.0002423100993106951,23.25945281982422,-12.681277990341187,-0.0005218982942118824,-0.0003723098905721866,0.011122108139464492,69.26784133911133,-2.9506198130548,0.008033156358708963,7.027902675817906e-05,0.0002531364594079374
False,49.06032943725586,-2.96430267393589,-5.388259611689603e-05,7.82978521792459e-05,0.00024179469967831665,23.38536262512207,-12.67889404296875,-0.0005486010816473124,-0.00037657086396040236,0.012090896557290318,69.52173614501953,-2.9503488168120384,0.008031011459605513,7.028277291235876e-05,0.00025345220512892175
False,49.30776596069336,-2.96410858258605,-7.295608634191322e-05,7.835589868912548e-05,0.00024124202594257867,23.51370620727539,-12.678110361099243,-0.0005410908964406219,-0.00015925700667486275,0.011526549001924917,69.78117752075195,-2.9500720240175724,0.00802898484126424,7.028732666276695e-05,0.00025376798746028575
False,49.52837371826172,-2.9639361575245857,-8.690356856889644e-05,7.839973958392407e-05,0.00024079613091064868,23.64011573791504,-12.67630124092102,-0.0005533695596294972,-0.00014008225727800527,0.011805196940914385,70.03781127929688,-2.949797973036766,0.00802707743606716,7.029169267737013e-05,0.0002540569393866533
False,49.77499771118164,-2.963742982596159,-8.893012428333954e-05,7.84082741161814e-05,0.00024071259587542688,23.755638122558594,-12.674564123153687,-0.0005209445800210229,-0.00012996222802657303,0.012132913986459593,70.27257537841797,-2.9495468139648438,0.008025049886144133,7.029911859939135e-05,0.000254370783209816
False,50.02627944946289,-2.9635461419820786,-5.48362695191788e-05,7.845495654091346e-05,0.00024017415671267713,23.885887145996094,-12.67295527458191,-0.0004650354460563973,-6.338323983808034e-05,0.012181854421429383,70.53731918334961,-2.949264220893383,0.008023143411815845,7.030322283109966e-05,0.0002546763525131281
False,50.277191162109375,-2.9633499160408974,8.821487854163358e-06,7.845293151551503e-05,0.00024024335964253492,24.015960693359375,-12.671632051467896,-0.00040328502775095,1.2305117412122925e-05,0.011968797900553624,70.80168914794922,-2.9489816278219223,0.008021115862635817,7.030489076338323e-05,0.00025499165751549733
False,50.50524139404297,-2.963171388953924,8.809565571963978e-05,7.843287598991386e-05,0.0002405406503935504,24.134113311767578,-12.669164896011353,-0.00035047532002651223,-0.00010173276061484323,0.012848943186465733,71.04183959960938,-2.948724366724491,0.008019209388111286,7.030823473889997e-05,0.0002553075265873707
False,50.75345230102539,-2.962976686656475,0.0001887082888909792,7.839429436737262e-05,0.00024109564604417674,24.262489318847656,-12.66586422920227,-0.0003122091123795913,-0.00026631617313239373,0.014286171405457515,71.30289840698242,-2.9484445191919804,0.008017301982052362,7.031315162095452e-05,0.00025562389668921015
False,50.9866828918457,-2.962794192135334,0.0002855062446961057,7.834750331949445e-05,0.00024176934833804368,24.38248062133789,-12.66159176826477,-0.0003275871268120855,-0.0005113269607945412,0.0165279417936747,71.5478515625,-2.9481826797127724,0.008015394576635628,7.031413299998405e-05,0.00025593699134967245
False,51.22708511352539,-2.962604980915785,0.0003844499387152591,7.827681527891112e-05,0.00024258899517421375,24.50611114501953,-12.65855097770691,-0.00027906897739055645,-0.0004878912371823347,0.017514557859671882,71.79990768432617,-2.947912599891424,0.008013487170479467,7.031677255946632e-05,0.0002562663909240072
False,51.48434829711914,-2.962403565645218,0.00048005580109199847,7.81970010672655e-05,0.0002435405183156195,24.638790130615234,-12.654989004135132,-0.00016140936005373715,-0.0004884235699071755,0.01863998899373171,72.06915283203125,-2.9476248174905777,0.008011460550792491,7.031948672085627e-05,0.0002566365612677799
False,51.726478576660156,-2.962212525308132,0.0005630254183308369,7.811834692112731e-05,0.0002444886741316947,24.76424217224121,-12.65284776687622,-1.9669531864916222e-05,-0.0003126551170466137,0.018547816024028933,72.32206726074219,-2.947353821247816,0.008009553144312068,7.032108687946687e-05,0.00025698109077298395
False,51.97499465942383,-2.962017212063074,0.0006484985794042024,7.802153220931226e-05,0.00024551108738402896,24.89358901977539,-12.650552988052368,0.0001229047676177784,-0.00017789917577183163,0.01847053781070064,72.58109283447266,-2.9470761120319366,0.00800752700254712,7.032048485642311e-05,0.0002573473922848657
False,52.205116271972656,-2.9618362449109554,0.0007128715205810747,7.79407362486978e-05,0.0002465152418326319,25.013639450073242,-12.65009880065918,0.00021004675880728526,0.00014246505298755563,0.016987036746368676,72.82047653198242,-2.946818847209215,0.00800561959614741,7.032218283570287e-05,0.0002576876147865801
False,52.46662902832031,-2.9616296403110027,0.0007873773674709283,7.784496848956789e-05,0.0002477224894021455,25.15020751953125,-12.650987386703491,0.00027370452414493584,0.0005616339692061592,0.014203510589759372,73.09185028076172,-2.946528322994709,0.008003592976091814,7.032296619212462e-05,0.00025807602563729745
False,52.91664505004883,-2.961274415254593,0.0009012221576672188,7.768174378767653e-05,0.0002498808188577798,25.38597869873047,-12.651186466217041,0.0003956556393962912,0.0007844446723840181,0.011114339043734956,73.5572395324707,-2.9460290521383286,0.008001685567878357,7.03252877273566e-05,0.0002584687834552007
False,53.31211471557617,-2.960961304605007,0.0010033845490643803,7.754457296830568e-05,0.0002519774706471231,25.59423065185547,-12.648985624313354,0.0005139111700998886,0.0005562614950514465,0.010920792912578118,73.96427536010742,-2.9455926530063152,0.007999658017102179,7.032395479003243e-05,0.0002588487747166392
False,53.71577453613281,-2.9606408700346947,0.0011100767738291316,7.739993311420671e-05,0.00025431643964208384,25.807342529296875,-12.645628690719604,0.0005772114381223855,0.00027823097043280787,0.011786563578681982,74.377685546875,-2.945148315280676,0.007995844132290028,7.032782050015852e-05,0.00025963367604997235
False,54.11600112915039,-2.9603219628334045,0.00124371037456005,7.724000061243034e-05,0.00025702818868243883,26.01901626586914,-12.645610332489014,0.000635504615049308,0.0004927775936370379,0.009793480561703332,74.7850570678711,-2.94471038877964,0.007993936724493505,7.033123689023303e-05,0.0002600134868999387
False,54.515472412109375,-2.9600021354854107,0.0014002322164666486,7.707329131665176e-05,0.00026019337891683024,26.22977638244629,-12.641356229782104,0.0006104707874072064,3.362841925519703e-05,0.011540114328886358,75.188720703125,-2.9442764297127724,0.007992029316169871,7.033136246602056e-05,0.0002604220976109653
False,54.94152069091797,-2.9596600346267223,0.0015437601167852175,7.689931021697061e-05,0.0002638263194265759,26.454940795898438,-12.631070613861084,0.0007280110989514365,-0.000871386240098053,0.018035623153363177,75.61586380004883,-2.943817138671875,0.007990121908173657,7.033305112100336e-05,0.0002608160170086065
False,55.350120544433594,-2.9593313597142696,0.0016026495744924645,7.676360932845364e-05,0.00026702481657790104,26.672258377075195,-12.62000846862793,0.0008491276801826181,-0.0013896372336679463,0.024295663507857293,76.02284240722656,-2.9433798231184483,0.007986306159470715,7.03382990972537e-05,0.000261639253754627
False,55.78453826904297,-2.958979494869709,0.0016264913746699724,7.663814512211226e-05,0.0002701316971291013,26.904001235961914,-12.614461660385132,0.0008652209119039435,-0.0008096009756774507,0.024549851567621392,76.4530258178711,-2.9429159574210644,0.007984398750513499,7.033988399724255e-05,0.0002620642558489985
False,56.22494125366211,-2.958622131496668,0.001633643953801515,7.654018928332152e-05,0.00027315330798003686,27.13968276977539,-12.613800048828125,0.0008957385638554646,0.00010448259958748998,0.020298483176174668,76.88656616210938,-2.9424490369856358,0.007982373060151687,7.034025098861503e-05,0.0002625127066641923
False,56.66086959838867,-2.9582666009664536,0.001604199348694649,7.648111235669102e-05,0.00027583708931513403,27.374610900878906,-12.607656240463257,0.0009869335584801922,-8.362324380902768e-05,0.02123736675909123,77.31361389160156,-2.941989440470934,0.007980464718419232,7.034815424724915e-05,0.0002629570881209858
False,57.10745620727539,-2.957901917397976,0.0015926359773516846,7.644707731952736e-05,0.00027750499518194453,27.617042541503906,-12.595618724822998,0.0010797977276462618,-0.0007819042239763434,0.027003479947424507,77.74887466430664,-2.94152008369565,0.007978558715398631,7.035332517086117e-05,0.0002633996408349118
False,57.55207443237305,-2.957536928355694,0.0016188620197277405,7.638521897145277e-05,0.0002815311602765303,27.859493255615234,-12.585573673248291,0.0010870694097573803,-0.0008351674355779754,0.030193195869896758,78.17962646484375,-2.9410552978515625,0.007976651307008985,7.035565140786274e-05,0.0002638052043519078
False,58.00278854370117,-2.957166139036417,0.001656651309723524,7.63531570906714e-05,0.0002846199917183376,28.10515594482422,-12.580501556396484,0.0009890794005906454,-0.0001917476275245629,0.028423941007743328,78.61346435546875,-2.9405874647200108,0.007974743895161607,7.03618605288096e-05,0.00026429792090747374
False,58.4301872253418,-2.956813659518957,0.001627683431225807,7.634468634756628e-05,0.00028750425601913943,28.336978912353516,-12.578835487365723,0.0007758139836052564,0.0004987142356274465,0.024240042712356195,79.02286148071289,-2.940145570784807,0.007972836485193115,7.03689734796524e-05,0.0002647328694817393
False,58.8914794921875,-2.956430971622467,0.0015019176384542029,7.638545818330873e-05,0.00028962431692144855,28.58709716796875,-12.573340892791748,0.0006898641138430868,0.00044296800021694096,0.02353655520121441,79.46348571777344,-2.939670104533434,0.00797092907337539,7.037782750579705e-05,0.00026521602130379155
False,59.31718063354492,-2.956076964735985,0.0013250110653087377,7.647025072983573e-05,0.0002907381826637516,28.8187198638916,-12.570124387741089,0.000623822107408408,0.0006181082257664218,0.021658637466174968,79.86985778808594,-2.9392315670847893,0.007968902451362192,7.037843468413581e-05,0.0002656752123816687
False,59.773109436035156,-2.955697327852249,0.0011225937256426597,7.660092603177395e-05,0.00029131787149163214,29.066936492919922,-12.563079833984375,0.0005017518625426942,0.00022939908953977474,0.02294833907844837,80.30524826049805,-2.938761293888092,0.007966995038292323,7.038401938699117e-05,0.0002662093705619632
False,60.20132827758789,-2.9553402736783028,0.000911235724203224,7.678191729920103e-05,0.000291285484994242,29.299205780029297,-12.553585052490234,0.00027167796940314126,-0.00031638354933105395,0.026505351705540612,80.71486282348633,-2.938317872583866,0.007965087628699926,7.038650551451926e-05,0.0002666545161610063
False,60.65287780761719,-2.9549639895558357,0.0006828308201126738,7.701836112886328e-05,0.00029068664945671894,29.544536590576172,-12.540141582489014,0.0002112388545320644,-0.0009848366275687296,0.032470689004859894,81.1480712890625,-2.937849123030901,0.007963180217257232,7.038913496476488e-05,0.0002671541451240998
False,61.102230072021484,-2.954590454697609,0.000545263264310332,7.724867638031444e-05,0.000290199850353848,29.79076385498047,-12.530359983444214,0.0002893209086616882,-0.0008005462750084722,0.03428542195629325,81.60189437866211,-2.9373584017157555,0.00796115359363421,7.0387408584681e-05,0.00026767328123927764
False,61.577781677246094,-2.9541946426033974,0.0004928111402618935,7.746205350013582e-05,0.0002902143749276603,30.052921295166016,-12.525873899459839,0.0003327131372394583,5.4482101878183466e-05,0.030671223187153606,82.03763580322266,-2.936886601150036,0.007959246182790244,7.038851271685553e-05,0.00026816309604288613
False,62.00443649291992,-2.953839112073183,0.00039231779729512656,7.765278828625456e-05,0.00028992388732608244,30.288818359375,-12.519771575927734,0.0002890825202773314,0.0001993082328365695,0.029526615648087253,82.44890594482422,-2.9364404305815697,0.007957219558312169,7.03906153578114e-05,0.0002686941800465139
False,62.53265380859375,-2.953399658203125,0.00018703937190688954,7.790385408941978e-05,0.0002886313470326777,30.57906723022461,-12.513708353042603,-0.0001018047329361312,0.000449101470880708,0.02740795234683314,82.96038055419922,-2.935885928571224,0.007955312146263178,7.039587449741408e-05,0.00026920470434547056
False,63.05115509033203,-2.952968444675207,-6.926060063493942e-05,7.817027886440014e-05,0.00028635558984888633,30.862056732177734,-12.501816272735596,-0.0003334283536289746,-0.00017576864760428373,0.03073387141093083,83.46604537963867,-2.9353375285863876,0.007953404734449434,7.039434628813623e-05,0.00026973589462317264
False,63.52682113647461,-2.952574159950018,-0.0003083944163282458,7.842550928032177e-05,0.00028356758019468947,31.12308120727539,-12.489887714385986,-0.00034999845934814553,-0.0004969458123423948,0.0341462903451569,83.93387603759766,-2.9348303228616714,0.00795149825420694,7.039719309116603e-05,0.0002702440519079606
False,63.99665451049805,-2.9521853663027287,-0.000434041008389078,7.864759894193779e-05,0.00028102132317129626,31.38189697265625,-12.480339288711548,-0.00035738946317660693,-0.0003659183378273579,0.03490775135146464,84.39927673339844,-2.934326171875,0.00794947069776852,7.039393221444538e-05,0.00027081804300081773
False,64.40325164794922,-2.951849978417158,-0.0004421472558553073,7.869528300691865e-05,0.00028048900539603494,31.63532257080078,-12.469006299972534,-0.0002599954328923823,-0.0004687163083710076,0.03699749411072428,84.85494995117188,-2.9338314831256866,0.00794756376130681,7.039874771082958e-05,0.0002712791629259804
False,64.8532485961914,-2.9514801017940044,-0.00042617320642408373,7.89186132656123e-05,0.0002781529259414336,31.858203887939453,-12.461997032165527,-9.48905847167196e-05,-0.00011558117701130277,0.036071685286933296,85.25336456298828,-2.9333987459540367,0.00794756376130681,7.039874771082958e-05,0.0002712791629259804
False,65.34465026855469,-2.951077576726675,-0.0004143715007887504,7.900077086609721e-05,0.0002767798476291123,32.13570785522461,-12.458104133605957,6.985663056014902e-05,0.0006652119317086283,0.031006728064951188,85.74627685546875,-2.9328628554940224,0.007945657277164899,7.040099695078502e-05,0.00027190321020724396
False,65.7763900756836,-2.950724184513092,-0.00046443937903179806,7.907140385418439e-05,0.0002750595371572639,32.38162612915039,-12.45021367073059,0.00013148784832474268,0.0004107280861392414,0.030990848713155574,86.1818618774414,-2.932389222085476,0.007943749865546778,7.040054863877123e-05,0.000272425469823445
False,66.27610778808594,-2.950316470116377,-0.0004979371241676428,7.910592204274368e-05,0.00027319266351978004,32.668968200683594,-12.434234619140625,0.00023233886817253065,-0.0004948153585522859,0.03681325813670022,86.68889617919922,-2.931836850941181,0.007941842451112624,7.04063129569034e-05,0.0002730063405789193
False,66.70696258544922,-2.9499649070203304,-0.00046718118299458834,7.90973030606366e-05,0.0002717770343707387,32.93412399291992,-12.42507553100586,0.00038397312172200505,-0.000151800195927236,0.03660529551353664,87.15216827392578,-2.931332401931286,0.00793981582573535,7.040867764641575e-05,0.00027356734452285437
False,67.15116882324219,-2.9496032744646072,-0.0003728866477341844,7.905799243007028e-05,0.0002710228726339739,33.18202209472656,-12.423266649246216,0.0004721879623898062,0.0007736785955541394,0.03057006988724364,87.58192443847656,-2.9308654814958572,0.00793981582573535,7.040867764641575e-05,0.00027356734452285437
False,67.62847900390625,-2.9492150880396366,-0.00029027462848979334,7.899626454307358e-05,0.00027038507333861247,33.46401596069336,-12.416710138320923,0.00032293796198445024,0.0007135108222776722,0.028546379081070803,88.07083892822266,-2.930332951247692,0.007937908411698,7.04054052244631e-05,0.00027417446034319067
False,68.12735748291016,-2.9488092064857483,-0.0001428127270194628,7.887885522163965e-05,0.00027032276980338085,33.75251007080078,-12.40920901298523,-0.0003616809754845475,0.0005599203903850868,0.027863779118904128,88.5824203491211,-2.9297744780778885,0.007936000997671699,7.041145156654947e-05,0.0002747447382932247
False,68.55342864990234,-2.948462527245283,-8.583068490450633e-06,7.875803228190159e-05,0.0002707170064930646,33.99259567260742,-12.40351915359497,-0.0007941722145687929,0.0005104978965025396,0.02702063718840361,89.01918029785156,-2.9292984008789062,0.007934093582565048,7.041743014211732e-05,0.0002753477289189552
False,68.98318481445312,-2.9481130987405777,4.804134245163876e-05,7.864751657355469e-05,0.0002708432743322078,34.2335090637207,-12.39835810661316,-0.0008169412706977894,0.0004938163401465097,0.025885588326333565,89.46012878417969,-2.928817443549633,0.007934093582565048,7.041743014211732e-05,0.0002753477289189552
False,69.4104995727539,-2.9477664195001125,0.00011384487007044634,7.852888319746359e-05,0.0002710190819473614,34.471675872802734,-12.391215801239014,-0.0008107423798978759,0.00020218876180998796,0.026667660532276552,89.89886474609375,-2.928338624536991,0.007932066955755301,7.04209637318557e-05,0.00027594959954557085
False,69.8444595336914,-2.9474130272865295,0.00024867058443387374,7.83889267584509e-05,0.0002718013758194541,34.71095275878906,-12.379921913146973,-0.0008512735087974762,-0.00044954156347962133,0.030800345543595002,90.34378051757812,-2.927852176129818,0.007930159539828731,7.042741966014089e-05,0.00027657631183495304
False,70.30006408691406,-2.947041627019644,0.00040376185053146924,7.823599296250845e-05,0.0002731299960097853,34.959144592285156,-12.367026329040527,-0.0008820293236920974,-0.0008591354084201129,0.035363206118348874,90.80963897705078,-2.9273440539836884,0.007930159539828731,7.042741966014089e-05,0.00027657631183495304
False,70.72506713867188,-2.946695253252983,0.000540018017008408,7.80842994952539e-05,0.0002746191364945529,35.187530517578125,-12.359438419342041,-0.0009592771848977923,-0.0004601942118598313,0.035180028515472674,91.24288177490234,-2.92687164247036,0.007928252124534432,7.042736741928011e-05,0.00027721164220958437
False,71.1341323852539,-2.94636108353734,0.0006958245904921794,7.792130236865303e-05,0.0002764803416777495,35.405784606933594,-12.357474327087402,-0.0008419753086887077,0.0004214072926678761,0.030424797258486434,91.65816497802734,-2.9264175444841385,0.007926345640882774,7.043166581277245e-05,0.0002778214364871342
False,71.56981658935547,-2.946004029363394,0.000876784219564696,7.773368042378486e-05,0.00027893922360323735,35.63760757446289,-12.358331203460693,-0.0006290673717115741,0.001235303081927819,0.02362789664799841,92.0981216430664,-2.925937198102474,0.007926345640882774,7.043166581277245e-05,0.0002778214364871342
False,72.05279541015625,-2.9456069953739643,0.0010547636667057542,7.751616924691613e-05,0.00028200157481512875,35.894100189208984,-12.362159252166748,-0.000376582122530198,0.0019182491165923052,0.015165429897590793,92.582763671875,-2.9254077151417732,0.007924319011402219,7.043368059557081e-05,0.00027851131170796245
False,72.47100067138672,-2.945262148976326,0.0011820793371364628,7.733251478759486e-05,0.0002847634104934524,36.11647033691406,-12.366835832595825,-0.00014913081363634323,0.0022186459487332894,0.008130857556211374,92.99987030029297,-2.924951173365116,0.007924319011402219,7.043368059557081e-05,0.00027851131170796245
False,72.91168975830078,-2.944897461682558,0.0012865065350758879,7.714282734210826e-05,0.0002877197253226536,36.350650787353516,-12.365804433822632,1.060962686912443e-05,0.0014818807962370506,0.007088547066915497,93.43677520751953,-2.9244732707738876,0.007922411595648467,7.043665900481247e-05,0.0002791503793740203
False,73.35875701904297,-2.9445260614156723,0.001344561450950274,7.698352264085093e-05,0.00029055199583912585,36.588233947753906,-12.361118078231812,0.0001424550748500509,0.0005805443527801378,0.009592671117813301,93.87757873535156,-2.923990786075592,0.007920384965144654,7.043881670204099e-05,0.00027987151289115967
False,73.77930450439453,-2.9441757202148438,0.0013670920649619057,7.687345953225075e-05,0.00029290464436136285,36.811729431152344,-12.357162952423096,0.00021266936783814302,0.00011617180219391101,0.011267280770600687,94.29022979736328,-2.923539124429226,0.007920384965144654,7.043881670204099e-05,0.00027987151289115967
False,74.2994384765625,-2.943741150200367,0.0013979673084144183,7.674663727578302e-05,0.00029605859669356937,37.08670425415039,-12.347985744476318,0.00015962122964436226,-0.0006753776581841473,0.01640822964946564,94.79795837402344,-2.922983705997467,0.007918478021176184,7.044076025273473e-05,0.000280522642198454
False,74.752197265625,-2.9433615133166313,0.0014169216599304367,7.669322120646789e-05,0.0002977509508070936,37.324195861816406,-12.344171047210693,6.568430660440013e-05,-0.00044208475046316967,0.01661031499095393,95.2374496459961,-2.922502137720585,0.007918478021176184,7.044076025273473e-05,0.000280522642198454
False,75.2320556640625,-2.9429583735764027,0.0013576745990518343,7.663976423187805e-05,0.00030100532075995367,37.57394790649414,-12.338182210922241,-5.960463797049275e-05,-0.0005310341579630296,0.018150369249803348,95.7015609741211,-2.9219937175512314,0.007916570603501481,7.044070086364048e-05,0.0002812297431276608
