IsCollision,A.X,A.Y,A.Pitch,A.Roll,A.Yaw,B.X,B.Y,B.Pitch,B.Roll,B.Yaw,C.X,C.Y,C.Pitch,C.Roll,C.Yaw
False,1.4444477558135986,-2.999082946800627,0.0037181374075554424,8.455448436640882e-05,4.7699997328149514e-05,-6.555679798126221,-12.999982833862305,0.0033262966005397137,8.541090401381476e-05,4.730862504658054e-05,21.338786602020264,-2.998613586416468,0.011345385588576399,9.038683762776863e-05,8.91181458058347e-05
False,1.5956703424453735,-2.998993835528381,0.0035364625436066963,8.559793253376112e-05,4.9997973687420455e-05,-6.4044671058654785,-13.000355243682861,0.0031427142677434797,0.00013956233964308547,-0.0002615223906584864,21.48638916015625,-2.9984704590169713,0.011155844249459942,9.384661161350424e-05,9.151001990610233e-05
False,1.738317847251892,-2.9989089965820312,0.0034025906960234143,8.547070813854767e-05,5.213516938522806e-05,-6.256006479263306,-13.003962278366089,0.002987861414025704,0.0005522749017347088,-0.0032447944722548638,21.631481885910034,-2.9983316040597856,0.010987759405813903,9.363911874674378e-05,9.366435176561798e-05
False,1.8933236598968506,-2.9988165283575654,0.0033315417712132017,8.469029992867158e-05,5.463761553795533e-05,-6.101767539978027,-13.009268760681152,0.002913952193383959,0.0009498317927301407,-0.00735618245623631,21.78167724609375,-2.9981869506882504,0.010831236110067876,9.148340020451297e-05,9.574240058973022e-05
False,2.059450387954712,-2.998715820373036,0.003324389327132473,8.354420043464428e-05,5.753757951299545e-05,-5.941638231277466,-13.017354726791382,0.0028964281906826025,0.001433087865263636,-0.013254021002496376,21.936601519584656,-2.998037414625287,0.0106878268796563,8.837560227724726e-05,9.776337358449864e-05
False,2.2504935264587402,-2.998600463848561,0.003365874029023819,8.216865194696476e-05,6.107486826209833e-05,-5.7512688636779785,-13.028621673583984,0.002938389591029714,0.0018293358731489814,-0.020693829856714335,22.12344717979431,-2.997857971349731,0.010535238934103047,8.440687550038296e-05,0.00010007531789560493
False,2.455868721008301,-2.998475036700256,0.003438234059167828,8.082704172299213e-05,6.504209457633478e-05,-5.541638135910034,-13.042343616485596,0.0030173059125010427,0.0020562141930542967,-0.02865242127074623,22.31670641899109,-2.997671203687787,0.010398028177555637,8.06310737889491e-05,0.00010235447108740117
False,2.652226448059082,-2.998356323223561,0.0035098788397424936,7.975158314354235e-05,6.891186313047586e-05,-5.3510894775390625,-13.056169271469116,0.003095864368572409,0.0021802432007336997,-0.03582537996393521,22.49393057823181,-2.9975006103049964,0.010288237034907957,7.769614467399426e-05,0.0001043643418092536
False,2.841336488723755,-2.9982391358353198,0.0035765168152827663,7.890818213034101e-05,7.268285589274714e-05,-5.1627092361450195,-13.071199893951416,0.003172754792673898,0.0022734036598708743,-0.042948797510147095,22.666694164276123,-2.9973330688662827,0.010193703773503156,7.536483719817063e-05,0.00010626197010717244
False,3.0305986404418945,-2.998122863820754,0.0036380290020890703,7.823519305757988e-05,7.648857953375163e-05,-4.974142074584961,-13.087413311004639,0.0032463075029135844,0.0023341013384110426,-0.04995930967702651,22.842365741729736,-2.997162170475349,0.01010847015111637,7.348572675109427e-05,0.0001081373679714515
False,3.236130952835083,-2.9979953004512936,0.0036984678283004165,7.76807279891444e-05,8.055613452627783e-05,-4.769323110580444,-13.106270790100098,0.0033196206902243,0.0023774571059880486,-0.05738633383004509,23.019848585128784,-2.9969891358632594,0.010033487399437688,7.206197716162215e-05,0.00010994161522727941
False,3.4676547050476074,-2.997850952204317,0.003762721586504832,7.719108827513742e-05,8.525195892172345e-05,-4.532642126083374,-13.129694700241089,0.003394365459517293,0.002422539923790599,-0.06578596826231967,23.227651357650757,-2.996787109412253,0.009952544904723403,7.07939481245038e-05,0.0001120885041960772
False,3.7050421237945557,-2.997700805775821,0.003798484645150951,7.685241996428554e-05,8.96217039887177e-05,-4.301838397979736,-13.153939247131348,0.0034588580186345344,0.0024342103508387643,-0.07357573815250425,23.427114248275757,-2.9965914918575436,0.009884834214002788,6.996477103678976e-05,0.00011405711813736863
False,4.0350775718688965,-2.9974902344401926,0.0037454364553393504,7.651389066145165e-05,9.60405303850288e-05,-3.9712313413619995,-13.19026231765747,0.003523826488486602,0.0023693287344464706,-0.08352156615725433,23.707812309265137,-2.9963180543854833,0.009802102256563684,6.922852159367187e-05,0.00011674856112680869
False,4.295161247253418,-2.997322998009622,0.0036557911330424983,7.637210770529432e-05,0.00010045209368614025,-3.7089953422546387,-13.220597982406616,0.0035592313250384067,0.0023005749672191243,-0.09074296611897854,23.92663812637329,-2.9961038208566606,0.009746312356970837,6.890818745058003e-05,0.00011872715462146991
False,4.541653156280518,-2.9971633912064135,0.003590702841210582,7.627894400695234e-05,0.00010446672336545326,-3.4589157104492188,-13.248886585235596,0.0035909410681445354,0.0020478568854394824,-0.09564429467624475,24.13219976425171,-2.9959014891646802,0.009696601426911703,6.8727024279616e-05,0.00012060179726970497
False,4.800740718841553,-2.996995239285752,0.0035531520277651144,7.619812385864416e-05,0.00010860248855391126,-3.1951660066843033,-13.281774759292603,0.0036082267298680284,0.0021238630816461036,-0.10214670101760397,24.346303462982178,-2.995690613053739,0.00964939584943414,6.862227547894904e-05,0.0001224896813656717
False,5.050317764282227,-2.9968316650483757,0.003542423012876487,7.613258631784712e-05,0.00011207313738351503,-2.9403891004621983,-13.315782308578491,0.0036283728119427074,0.0022706011809213297,-0.10902988749619241,24.55056142807007,-2.9954891968518496,0.009607195741675704,6.857865356610688e-05,0.0001242728920699683
False,5.303683280944824,-2.996664123609662,0.0035487411972785743,7.604992674128213e-05,0.00011670923273475176,-2.6808236837387085,-13.349510431289673,0.0036504266485980924,0.0021168289456820165,-0.11386461216676902,24.755873680114746,-2.995286560151726,0.009568214045277312,6.857058890350389e-05,0.00012601604107783903
False,5.570047378540039,-2.9964874268043786,0.0035487412471508347,7.597474686103875e-05,0.00012166835636378398,-2.4078069925308228,-13.388510704040527,0.003631114769071406,0.0023174163438846717,-0.12060455458439885,24.969679832458496,-2.995075073558837,0.009529471707853884,6.858623011833686e-05,0.00012784362632215743
False,5.834343910217285,-2.996311645489186,0.0035184620085567425,7.592278920119724e-05,0.0001262456208154107,-2.136685371398926,-13.43023681640625,0.003595828705034811,0.002620435363688131,-0.1283937946673509,25.180068016052246,-2.9948660279624164,0.009494661920883376,6.861481027376005e-05,0.0001295583322171569
False,6.097009181976318,-2.9961346436757594,0.0034990306518120923,7.587001271396789e-05,0.00013038946934178296,-1.866823434829712,-13.47317624092102,0.0035743711048825877,0.0027986004954981994,-0.13568339499946827,25.387455940246582,-2.994660339318216,0.009464502396598937,6.863465621859394e-05,0.00013112180181759455
False,6.364630699157715,-2.995954589918256,0.003479599957662884,7.582202283349336e-05,0.00013484407706549901,-1.5913618803024292,-13.517890453338623,0.0035631651499754575,0.002827717677689712,-0.14216872645338058,25.603188514709473,-2.9944461062550545,0.00943195767418347,6.866157317340034e-05,0.00013286293056375054
False,6.646228313446045,-2.9957629395648837,0.0034462212748533356,7.578130352116572e-05,0.00013927138286690872,-1.3005261421203613,-13.56375002861023,0.0035468338353483687,0.002513849986622571,-0.14624338444381416,25.81603479385376,-2.994234314188361,0.00940394362669263,6.868424693507267e-05,0.00013445543877081603
False,6.923649311065674,-2.9955734251998365,0.003418087609442123,7.573962806396011e-05,0.00014331129705858595,-1.013954758644104,-13.612309455871582,0.0035095209612231275,0.0025952755961166168,-0.1518344603378882,26.03018283843994,-2.9940197756513953,0.009376049164041757,6.871431463632334e-05,0.0001360786092709399
False,7.216378211975098,-2.9953723144717515,0.003382325166833206,7.569349779512539e-05,0.00014790242650736469,-0.7113697528839111,-13.666778564453125,0.003487944090529684,0.0028321806970196366,-0.15905531059778608,26.25457000732422,-2.993795471265912,0.009347557704976348,6.874163030422714e-05,0.0001377962170567318
False,7.512390613555908,-2.995167846791446,0.0033119914277266343,7.567303362134241e-05,0.0001522473019880593,-0.40443849563598633,-13.723339796066284,0.003471970434082785,0.002931341859037742,-0.16575854716029753,26.4801926612854,-2.993570251390338,0.009322047515094835,6.876313984213118e-05,0.00013939835778098577
False,7.813943386077881,-2.9949578857049346,0.0032497642052792238,7.564957063517927e-05,0.00015628075107053076,-0.09083056449890137,-13.78226923942566,0.003450274101696703,0.002933084931247297,-0.1717570685837375,26.70880126953125,-2.993341675028205,0.009295939396878528,6.87855827643588e-05,0.00014108302055247768
False,8.136643409729004,-2.9947323608212173,0.003204583774725653,7.562236171799227e-05,0.00016076453340804162,0.2454240322113037,-13.84774398803711,0.003429531508703793,0.00299319276306401,-0.17825620903070447,26.951987266540527,-2.9930963134393096,0.009269237076893535,6.87972741502984e-05,0.0001428496855989574
False,8.495339393615723,-2.994479065295309,0.0031539198703691863,7.5595424372719e-05,0.00016580614104909512,0.620042085647583,-13.923426389694214,0.0034168957649619697,0.003075580176172112,-0.18559544093040006,27.220646858215332,-2.9928259276784956,0.009242772253128792,6.88164132677196e-05,0.0001446615479820692
False,8.850584030151367,-2.99422668479383,0.0030584335993722824,7.560369561729108e-05,0.0001702866495144776,0.9928789138793945,-13.99898910522461,0.0033954377267265134,0.002897987707434268,-0.19087649932211317,27.492201805114746,-2.992552490439266,0.009216427576641109,6.882533807527835e-05,0.00014650900484780024
False,9.201642036437988,-2.993976440746337,0.002921581085748392,7.562252664057302e-05,0.0001741739269891685,1.362656593322754,-14.077942848205566,0.00334370135418014,0.003035336354577259,-0.19756589456575374,27.74649143218994,-2.9922964479774237,0.009194134293312218,6.883637356144645e-05,0.0001481068560279124
False,9.54211711883545,-2.993732300121337,0.0028140542409377982,7.564983240986109e-05,0.00017779297897660027,1.7225050926208496,-14.158053874969482,0.0032893415778054054,0.003252767951333877,-0.20489804782351045,27.999032974243164,-2.992040100507438,0.00917041231264405,6.884838458917232e-05,0.0001498597862286875
False,9.879192352294922,-2.9934887695126235,0.0027160645847802544,7.567448140608224e-05,0.00018128150419238203,2.0796728134155273,-14.24062728881836,0.0032268761026543304,0.0034765792489706254,-0.21260792517829522,28.24846649169922,-2.991787414997816,0.009148120349087626,6.88566885522597e-05,0.00015151220006950274
False,10.202286720275879,-2.993255310226232,0.002569198630222487,7.573401076506174e-05,0.0001841340560415165,2.434225559234619,-14.322141170501709,0.0031883716781349464,0.0033126080400956376,-0.2177110801397911,28.4943208694458,-2.991538696922362,0.009129762971169377,6.886767752389374e-05,0.00015293023731390392
False,10.542743682861328,-2.9930078126490116,0.002352476080585693,7.584562540762443e-05,0.00018642303315176442,2.7901792526245117,-14.407107830047607,0.003158092139213493,0.003361790090404592,-0.22356257848855343,28.73996353149414,-2.9912887578830123,0.009108781969899537,6.88775408608954e-05,0.0001545540596271621
False,10.910816192626953,-2.992739868350327,0.0018969771976198875,7.609114211618033e-05,0.0001870171417238082,3.205174446105957,-14.50792121887207,0.003126502120609655,0.0033170281772094143,-0.22966338260451577,29.02456760406494,-2.9909985354170203,0.009086727118444484,6.888365427192483e-05,0.00015628977590836736
False,11.288116455078125,-2.992465210147202,0.001494765028338182,7.633578449405658e-05,0.00018685356225665552,3.608006477355957,-14.611103534698486,0.0029052488805878726,0.003622769230133843,-0.23777264407513163,29.30077838897705,-2.9907180787995458,0.009066463260788879,6.8893795983326e-05,0.00015791374056148063
False,11.670937538146973,-2.9921862790361047,0.0011717078995931978,7.660487586423409e-05,0.00018657843292599395,4.032111644744873,-14.723509311676025,0.0024253128624241753,0.0038953412455639126,-0.24673370591773064,29.593385696411133,-2.9904193114489317,0.009044646299075846,6.89019204060288e-05,0.00015965500868280036
False,12.040986061096191,-2.9919161992147565,0.000864267259926652,7.689180138975613e-05,0.00018586508425783022,4.444578647613525,-14.83814811706543,0.0021789070419574925,0.004296064286720696,-0.2567226266950148,29.889121055603027,-2.990116272121668,0.009022830808710513,6.891169633040747e-05,0.00016145536021318956
False,12.429739952087402,-2.9916336061432958,0.0005571841962652257,7.718794721970243e-05,0.0001846305539925609,4.883786678314209,-14.9642333984375,0.0020773409025591043,0.0045700824005114535,-0.2669114382938243,30.184399604797363,-2.9898147583007812,0.009003280371193778,6.891823591482476e-05,0.0001630910035675366
False,12.776394844055176,-2.99138153064996,0.0003695487733101929,7.742427782124334e-05,0.00018362738225570377,5.280656814575195,-15.081873893737793,0.00213778039883712,0.0047525549056668765,-0.27577646328468164,30.45952606201172,-2.989532470703125,0.008985399850993581,6.892560979062688e-05,0.00016459884028861892
False,13.10261058807373,-2.9911450194194913,0.0002309083779509733,7.762297875371974e-05,0.00018274143968472165,5.657445907592773,-15.197066307067871,0.001978754469169561,0.004907231664207984,-0.28417335229184293,30.72121524810791,-2.989263916388154,0.008968471570544196,6.893713859881704e-05,0.00016604239904419646
False,13.428162574768066,-2.990908813662827,7.104873145518916e-05,7.781287079411338e-05,0.0001815521982087259,6.0342512130737305,-15.315009593963623,0.0015923975445542324,0.004942319225467641,-0.2920457293152327,30.992785453796387,-2.9889849852770567,0.008951782252852878,6.894236284039829e-05,0.0001674754991551944
False,13.767681121826172,-2.990662232041359,-0.00012087821553260723,7.800541743535985e-05,0.00017987907845683988,6.443395614624023,-15.441397666931152,0.001274466515326718,0.00437510111225407,-0.29630990844258726,31.274062156677246,-2.9886962892487645,0.008933185523242732,6.894887709482773e-05,0.0001691021237968492
False,14.162928581237793,-2.9903768924996257,-0.00036323069931069006,7.823021383293133e-05,0.00017738581128101493,6.916522979736328,-15.588770389556885,0.0019501446833192148,0.003737686652117288,-0.29955683719432924,31.603647232055664,-2.988355712965131,0.008913634557791192,6.896132434564009e-05,0.0001707913630325528
False,14.494120597839355,-2.9901382448151708,-0.00054335593388657,7.83890993547193e-05,0.0001750567427392974,7.31744384765625,-15.712265491485596,0.0025843378969973513,0.002983383726032501,-0.2998577885537372,31.877446174621582,-2.9880722044035792,0.00889885451420938,6.896827113339816e-05,0.00017212456493798518
False,14.798267364501953,-2.9899200443178415,-0.0006476640079869267,7.85107974483629e-05,0.00017306760813291927,7.708188056945801,-15.831878662109375,0.0030678504857340515,0.0022606408848975914,-0.2990619762697309,32.140058517456055,-2.9878005981445312,0.008883476543025359,6.896854647818159e-05,0.00017350355501709027
False,15.108752250671387,-2.9896981809288263,-0.0007281302842152443,7.861880076361644e-05,0.00017111786320235674,8.119302749633789,-15.954150199890137,0.0034382336948832206,0.0012381655743506274,-0.2954172537226192,32.41176986694336,-2.987518921494484,0.0088686931767634,6.898258616635555e-05,0.00017483008378926752
False,15.40960693359375,-2.9894833378493786,-0.0008213520146778893,7.871161297448986e-05,0.0001690479982839001,8.529942512512207,-16.07330322265625,0.0037155149282415865,0.00021669338401009988,-0.29015802892330483,32.67889881134033,-2.9872418213635683,0.00885331706816485,6.8993756659127e-05,0.00017622566765487617
False,15.70611572265625,-2.9892718512564898,-0.0009059905061447216,7.87984599929838e-05,0.0001669013158694793,8.94701099395752,-16.190457820892334,0.003917454472553324,-0.000850613524072174,-0.2832002838369791,32.946054458618164,-2.9869641112163663,0.008839011488984663,6.899976372415044e-05,0.0001775269729874831
False,16.027002334594727,-2.989044189453125,-0.0009795426345067242,7.886878489688038e-05,0.00016457485559386682,9.411865234375,-16.318663120269775,0.004083037159203327,-0.001748098630105308,-0.27593945619444316,33.23952579498291,-2.9866586308926344,0.008824230515773253,6.900159906311553e-05,0.000178901697743267
False,16.384063720703125,-2.988792114891112,-0.0010418891400980814,7.892128537380362e-05,0.0001620834875980896,9.960053443908691,-16.463303089141846,0.004192471533810851,-0.0028842029929372504,-0.2657011784053941,33.57982635498047,-2.9863043213263154,0.008807302248815803,6.901846175397326e-05,0.0001804686639429214
False,16.686697006225586,-2.9885797118768096,-0.0010652542054236794,7.894678650344889e-05,0.00015995295359563243,10.414334297180176,-16.57830572128296,0.004248140760942513,-0.0037193694510477223,-0.2565803848991126,33.86546611785889,-2.9860064703971148,0.008792280987194893,6.902694991574041e-05,0.00018187209131340323
False,17.012454986572266,-2.988350830040872,-0.0010821818599969927,7.896206192489146e-05,0.00015809181588128833,10.932337760925293,-16.705867767333984,0.004285454144048343,-0.00436545241828825,-0.24727210836154082,34.16988277435303,-2.9856884768232703,0.008777141851946927,6.903269648119032e-05,0.00018330060834147418
False,17.326946258544922,-2.988130798563361,-0.0010832546503579347,7.896707124676235e-05,0.00015571238679873442,11.44715690612793,-16.826940536499023,0.004288195873742897,-0.00500727307308806,-0.23750740335649595,34.475969314575195,-2.9853683477267623,0.008764386571177863,6.903903090270874e-05,0.00018451802888184394
False,17.617412567138672,-2.987928162328899,-0.001111626558596133,7.897354281758072e-05,0.0001535979830260586,11.936132431030273,-16.936986923217773,0.004277109437819646,-0.005542570916957851,-0.22801218915741994,34.773539543151855,-2.985055542550981,0.008749007148254941,6.905191222946165e-05,0.00018599670006049038
False,17.93571662902832,-2.9877069098874927,-0.0011664628800710942,7.898482268820649e-05,0.00015119322155392247,12.487692832946777,-17.055531978607178,0.004252313813413725,-0.006051766207925668,-0.2172955800588705,35.08260440826416,-2.984730835072696,0.008736490294108036,6.905772223639279e-05,0.00018720006920759085
False,18.215545654296875,-2.987511902116239,-0.0012314318844834475,7.900727503488457e-05,0.00014877748866992655,12.986873626708984,-17.157636642456055,0.0042214397879940775,-0.006454969730950276,-0.20755061480338613,35.36841297149658,-2.984430542215705,0.008723854637360811,6.906430735930434e-05,0.00018843461136485945
False,18.50242805480957,-2.9873126223683357,-0.001302838233497116,7.903251822120505e-05,0.00014622407637734675,13.513181686401367,-17.260295391082764,0.0041848421286804155,-0.006794788072058375,-0.1975178715982205,35.66641044616699,-2.9841177370399237,0.008709548656415968,6.907043020134985e-05,0.00018980599466233798
False,18.7906494140625,-2.9871133426204324,-0.001374721378326636,7.905587808074362e-05,0.00014354232041807248,14.057445526123047,-17.361056804656982,0.004142879975114279,-0.0070872039078128755,-0.18733393457002517,35.97117614746094,-2.9837969969958067,0.008697032214570764,6.907848554349563e-05,0.00019103558482798613
False,19.07575798034668,-2.986917114816606,-0.001443505200117685,7.907825858726026e-05,0.00014080109571407625,14.61176872253418,-17.458191871643066,0.00409817669810373,-0.007329017344655739,-0.17719575703555754,36.278249740600586,-2.9834735114127398,0.008684396145967898,6.909045053243485e-05,0.0001923062066100308
False,19.33698081970215,-2.986738281324506,-0.001500963936556453,7.909478668835896e-05,0.0001382342951643828,15.13410758972168,-17.54502296447754,0.0040574069534383625,-0.0074754917388255935,-0.16806537241006442,36.56471824645996,-2.9831710811704397,0.008671878774790533,6.909785170761961e-05,0.00019353643380355974
False,19.60093879699707,-2.9865579223260283,-0.0015286205488220595,7.90962901331337e-05,0.0001361387744885037,15.675958633422852,-17.631836891174316,0.004019259832480424,-0.0074131732808289455,-0.16014350955616796,36.859201431274414,-2.982860717922449,0.008661388541594706,6.91016142224104e-05,0.0001946142228247129
False,19.863826751708984,-2.986379699781537,-0.0015249249708395645,7.908674545950337e-05,0.00013396638416013167,16.229572296142578,-17.71533203125,0.0039716952856498075,-0.00744300207889951,-0.15182436202053354,37.15727424621582,-2.982545470818877,0.008649109597191597,6.910988804349698e-05,0.00019584890030680536
False,20.121315002441406,-2.9862063601613045,-0.001521229534629446,7.907585407817422e-05,0.00013243477405052147,16.785797119140625,-17.79473352432251,0.003928541651271924,-0.007437143698288414,-0.14367023354582575,37.4541015625,-2.9822314456105232,0.008638381869604578,6.91137674732983e-05,0.0001969429359748287
False,20.384353637695312,-2.9860296631231904,-0.0015238522493161424,7.905656207443975e-05,0.00012931805706512328,17.368873596191406,-17.87315034866333,0.0038826457371922405,-0.0074312826265011305,-0.13523011832390294,37.76254081726074,-2.9819039925932884,0.008626221207498074,6.912467482529591e-05,0.00019818983786091027
False,20.643131256103516,-2.9858557134866714,-0.0015040633860120205,7.902277452898266e-05,0.0001267388365739292,17.957128524780273,-17.946569442749023,0.003823876058166622,-0.007518635706962243,-0.12617000664512912,38.07107353210449,-2.9815759286284447,0.008615849674618186,6.913128888798318e-05,0.0001992263471837475
False,20.919593811035156,-2.985670166090131,-0.0014215707284295964,7.896053359273983e-05,0.00012475072452807048,18.60042953491211,-18.020705223083496,0.003753781110364897,-0.007640608229836343,-0.11603828232871584,38.40566062927246,-2.981220703572035,0.008603690457965454,6.914064906760673e-05,0.00020050983777342184
False,21.22943878173828,-2.9854629524052143,-0.001320957935626122,7.888960866883316e-05,0.00012280777563143013,19.355594635009766,-18.099574089050293,0.003682375119866248,-0.007808387942471331,-0.10405190605541745,38.79488182067871,-2.980805968865752,0.008589028188655612,6.915141236778002e-05,0.00020200738158654614
False,21.477956771850586,-2.985297546721995,-0.0012713669685145777,7.884885222712859e-05,0.00012123204200641452,19.946245193481445,-18.155580520629883,0.00363755239107177,-0.007902662261491172,-0.09504454905946491,39.09677505493164,-2.9804840087890625,0.008578300459731934,6.915649209927645e-05,0.00020315743289828073
False,21.716171264648438,-2.985139465890825,-0.001223444856787033,7.880601377498371e-05,0.00011965706437548052,20.54029083251953,-18.207155227661133,0.003598212651543392,-0.007959655941802913,-0.08646861909429145,39.39827537536621,-2.980162965133786,0.008568286566384253,6.916273306446225e-05,0.00020423069664239494
False,21.963335037231445,-2.984975586645305,-0.0010966061779648741,7.872793190634604e-05,0.00011856435778450488,21.184852600097656,-18.25710678100586,0.003551483087187375,-0.008075237955246296,-0.07703306025990032,39.723087310791016,-2.979816894978285,0.00855755739562089,6.917532326330112e-05,0.00020537065408278554
False,22.217885971069336,-2.9848071290180087,-0.0008313655732828182,7.858993336241153e-05,0.00011839591012871558,21.821168899536133,-18.30068016052246,0.0035095208167242754,-0.008168446781055024,-0.06784458280962659,40.041521072387695,-2.979477234184742,0.008548974569749795,6.918440784980187e-05,0.0002062719437962903
False,22.45425033569336,-2.9846508791670203,-0.0004888773033585842,7.841816890388694e-05,0.00011912297906338882,22.431421279907227,-18.33827495574951,0.0034785273952358787,-0.00812583833915694,-0.06004365484607433,40.35443878173828,-2.979143066331744,0.008538961609237491,6.919217776442438e-05,0.00020735275165750276
False,22.717967987060547,-2.984474793076515,-5.3286553149626585e-05,7.820948547039295e-05,0.00012076581106621592,23.112770080566406,-18.373781204223633,0.0034400225301087547,-0.00819827387175587,-0.05088342572623281,40.68141746520996,-2.97879303060472,0.008528112295876883,6.919947085995567e-05,0.00020853076442729388
False,22.970914840698242,-2.9843069463968277,0.0003706216684903222,7.800459127872927e-05,0.0001229722790725984,23.764345169067383,-18.401447296142578,0.003403187002496515,-0.00832291152308752,-0.041668888801789816,41.00112724304199,-2.9784500133246183,0.008517622062204225,6.91992050205826e-05,0.00020967142946723896
False,23.215578079223633,-2.984143676236272,0.0007557868752578847,7.780293452962637e-05,0.00012551594684944301,24.391298294067383,-18.422420501708984,0.003369211691823398,-0.008460862393114757,-0.03259175726050505,41.30693817138672,-2.978122863918543,0.008509754005602348,6.92043367797295e-05,0.000210531532748129
False,23.484277725219727,-2.9839636236429214,0.001134514639714375,7.759063189198048e-05,0.0001285947787984875,25.075294494628906,-18.43901824951172,0.0033382174164362836,-0.008621182915624394,-0.022608637688209338,41.647592544555664,-2.977757263928652,0.008499383913796364,6.921796715780808e-05,0.0002116858818309628
False,23.734716415405273,-2.9837948605418205,0.0014311075874681287,7.741377609074817e-05,0.00013163261088661266,25.70816993713379,-18.448609352111816,0.003314971931869178,-0.008769791199541839,-0.0134287259086474,41.952571868896484,-2.9774295054376125,0.008491278362868575,6.92271938597814e-05,0.00021257416663854431
False,23.98824119567871,-2.9836245737969875,0.001671910161339057,7.72549443507069e-05,0.00013475190235390415,26.344327926635742,-18.45258140563965,0.00329482529856228,-0.00892904459505528,-0.004212588533351441,42.248735427856445,-2.977111207321286,0.008481026047638757,6.923578472112303e-05,0.00021371326419424822
False,24.245256423950195,-2.983449097722769,0.0018302201872572204,7.71246939130377e-05,0.00013771536868558546,27.00710105895996,-18.450761795043945,0.003277063122670591,-0.009090964061073927,0.00530358268377933,42.56483268737793,-2.9767709355801344,0.008472203357531632,6.924119679350754e-05,0.0002146952950178536
False,24.513431549072266,-2.9832650758326054,0.0019023415770706039,7.702814942077402e-05,0.00014040347070535215,27.65195083618164,-18.443041801452637,0.0032613277618996337,-0.00925927881543243,0.014588997034146801,42.870784759521484,-2.9764401242136955,0.00846421659427273,6.924248579429518e-05,0.00021560435772313789
False,24.784786224365234,-2.9830807503312826,0.001947164355806794,7.694120230876411e-05,0.00014297549720096548,28.324020385742188,-18.428794860839844,0.0032477375851057105,-0.009431851529553413,0.024257258560722306,43.18801307678223,-2.9760977178812027,0.008455990900434501,6.924699537997124e-05,0.0002165370598195117
False,25.075529098510742,-2.982881164178252,0.0019979473700854886,7.685676037357347e-05,0.00014578625858776596,29.04108428955078,-18.406879425048828,0.003235578491448709,-0.00958524971402766,0.03435008022832811,43.524736404418945,-2.9757348634302616,0.008447526780542183,6.926226597803167e-05,0.00021748456912522616
False,25.34994888305664,-2.982691651210189,0.0020411012136348655,7.679057702768997e-05,0.0001484788322600979,29.71487045288086,-18.379716873168945,0.0032240148554305726,-0.00974184190512977,0.0438800087868808,43.83955001831055,-2.9753948971629143,0.008439183308207488,6.927284409388788e-05,0.00021844383375156578
False,25.653263092041016,-2.982482301071286,0.0020872351720226945,7.67227583359429e-05,0.00015150357100430036,30.45611572265625,-18.342555046081543,0.003212690067994519,-0.00991121908006964,0.05437500189975516,44.184173583984375,-2.975022278726101,0.008431315253078293,6.92805554586036e-05,0.00021936419252552907
False,25.911136627197266,-2.982303772121668,0.002133845859043796,7.666196107865435e-05,0.00015416950239383384,31.08306884765625,-18.305140495300293,0.0032038684975322124,-0.010055560556231356,0.06328399861114921,44.474321365356445,-2.9747088626027107,0.008423446268677677,6.9284284899374e-05,0.00022025128295908824
False,26.306264877319336,-2.98202789388597,0.0022124052303262583,7.657087585328963e-05,0.00015843270568365186,32.03742599487305,-18.237727165222168,0.0031923050992598294,-0.010260091398760985,0.0767615992425126,44.91372489929199,-2.9742340091615915,0.008412956962865594,6.929519021591357e-05,0.0002214749267606696
False,26.626651763916016,-2.981802674010396,0.0022701026082195615,7.650052054055274e-05,0.0001619084236712075,32.82463455200195,-18.172821044921875,0.003183364770153241,-0.010412425941294113,0.08776207621745218,45.27419853210449,-2.973842468112707,0.008405208121411604,6.930081329165032e-05,0.00022240300782295185
False,27.050167083740234,-2.9815032966434956,0.00236415860810464,7.63889387254432e-05,0.00016688989282316347,33.81248092651367,-18.079233169555664,0.0031721589716114805,-0.010613759493671885,0.10159962005989638,45.72420310974121,-2.9733544923365116,0.008393167616229632,6.930985180268855e-05,0.00022380515782800838
False,27.38388442993164,-2.9812664799392223,0.0024249553404309186,7.631252032788627e-05,0.0001706592207056834,34.59865951538086,-17.994937419891357,0.0031627417183824552,-0.010792726852057965,0.11275685066763677,46.08057975769043,-2.9729678351432085,0.00838494242384003,6.931751886284303e-05,0.0002247944203903738
False,27.690135955810547,-2.981047974899411,0.0024039745640916355,7.627358009027034e-05,0.00017411814766627668,35.31623840332031,-17.91045045852661,0.003155231123003395,-0.0109541135046383,0.12296812109577362,46.40456008911133,-2.9726156629621983,0.008379220202312618,6.932416117501697e-05,0.00022550388946881568
False,28.00225067138672,-2.9808242805302143,0.002320885782645416,7.626094795095617e-05,0.0001769047654052583,36.04530715942383,-17.817224979400635,0.00314807868036325,-0.011118694474853833,0.1333437181073286,46.732513427734375,-2.9722586069256067,0.008371352149851808,6.932859272462319e-05,0.00022644482492039123
False,28.316810607910156,-2.9805972296744585,0.0021957155968804934,7.628672633858152e-05,0.00017925401304617913,36.778724670410156,-17.715803146362305,0.0031403297186653567,-0.011294998185592644,0.143852256848933,47.06126403808594,-2.9719018563628197,0.008363484096956132,6.933632620162223e-05,0.0002274028581881877
False,28.63365936279297,-2.980367736890912,0.0019897222486178904,7.636347353883107e-05,0.00018086689161279113,37.51826858520508,-17.605790615081787,0.0031332966205958575,-0.011472896082187713,0.15446674407260758,47.391639709472656,-2.971542663872242,0.008356927885830465,6.934124867152409e-05,0.00022817372785273926
False,28.98064422607422,-2.9801165778189898,0.001556038630304518,7.656604375935076e-05,0.00018088066302475656,38.33456802368164,-17.47547960281372,0.0031270977585479854,-0.011644935125563045,0.16602474954980864,47.755043029785156,-2.971147460862994,0.008349179976131459,6.935458213254281e-05,0.00022914332839891688
False,29.290361404418945,-2.979892272502184,0.0013033151656553527,7.670731208416325e-05,0.00018085160226133655,39.095176696777344,-17.345792293548584,0.0031220911255352975,-0.011776499866456106,0.17655790500104163,48.092529296875,-2.970779115334153,0.00834333854308283,6.935983708807483e-05,0.00022987139913446792
False,29.6834716796875,-2.9796084593981504,0.0011442899185304166,7.687137967063342e-05,0.00018151340671780132,40.00257873535156,-17.180610179901123,0.0031087394766201623,-0.01191711240102629,0.18894417785549475,48.49379348754883,-2.9703411869704723,0.008334994572759408,6.936226908228329e-05,0.0002308637212380461
False,30.04423713684082,-2.979347839951515,0.0010156629506961887,7.70239800455515e-05,0.00018206883103632945,40.860530853271484,-17.01357412338257,0.002736091453196556,-0.012079564326141034,0.20089490302984883,48.87335395812988,-2.969925843179226,0.008327365442537595,6.936736082918001e-05,0.0002318415851982498
False,30.370290756225586,-2.979111634194851,0.0009735821959619451,7.711538666468441e-05,0.0001827347038968122,41.631591796875,-16.854284286499023,0.002184748540455471,-0.012244148938739102,0.21196002778471915,49.22567367553711,-2.9695404060184956,0.008321284652466721,6.937766017800558e-05,0.00023259990736307923
False,30.70720100402832,-2.978866882622242,0.0009647607104704048,7.720188312407142e-05,0.00018390820599731083,42.42360305786133,-16.681560039520264,0.0018160342703014856,-0.012409262466763549,0.22346097377403407,49.570068359375,-2.969162903726101,0.008315324006800738,6.93819481311099e-05,0.00023336787127791787
False,31.034549713134766,-2.978628845885396,0.0009264945340900254,7.726708218927159e-05,0.00018478292667987596,43.19533157348633,-16.504268646240234,0.0020889038026944196,-0.012562130470603531,0.23461704322764645,49.91371536254883,-2.9687863159924746,0.008307099248917859,6.93900773469204e-05,0.00023438121961549702
False,31.34465789794922,-2.9784033205360174,0.0008696316552568141,7.732799619337086e-05,0.00018544024449201088,43.92953872680664,-16.327423095703125,0.002399444467728305,-0.012692091315279421,0.24509061924328324,50.24986267089844,-2.968417663127184,0.008301018459524237,6.939798442893953e-05,0.00023515764885488768
False,31.661996841430664,-2.9781719967722893,0.0007808208576892588,7.739131201062742e-05,0.0001857862021046283,44.706199645996094,-16.13163185119629,0.0026565787115890374,-0.012822586817555142,0.25611322568055556,50.58266067504883,-2.968052674084902,0.00829517845172447,6.940826207129707e-05,0.00023594284167073354
False,31.97078514099121,-2.9779476933181286,0.0006499290261163783,7.747962145911597e-05,0.00018569144459817434,45.423988342285156,-15.942860126495361,0.0028316972967004283,-0.012921123171103083,0.2661603510713749,50.9101505279541,-2.967694092541933,0.008289457163759216,6.94143881720564e-05,0.0002366835509729202
False,32.32651138305664,-2.9776892103254795,0.00047099590394657687,7.758909242590019e-05,0.00018509737047580003,46.282630920410156,-15.707056522369385,0.0029790399031314006,-0.013036168931980226,0.27813972512648644,51.27626419067383,-2.9672915674746037,0.008283495588784386,6.941605533827532e-05,0.00023743600576536707
False,32.63345718383789,-2.977466430515051,0.0003192424846721269,7.768976204913425e-05,0.0001843461446614568,47.0516242980957,-15.486475944519043,0.0030671352919876094,-0.013152817253701559,0.28897509344682387,51.613304138183594,-2.966920778155327,0.008277415731797,6.941821297101259e-05,0.00023822531864049344
False,32.947269439697266,-2.977239379659295,0.00013732909199384462,7.781844629106853e-05,0.00018317628335003512,47.821956634521484,-15.256657600402832,0.0031249520046725456,-0.013268933918276627,0.29985359534964556,51.95020866394043,-2.9665502943098545,0.00827336342428755,6.941829902241595e-05,0.00023878697040480114
False,33.26885223388672,-2.9770065303891897,-4.6372412106099086e-05,7.795374521557523e-05,0.0001816755813667531,48.59803771972656,-15.016054630279541,0.0031589265021464653,-0.01339516805912658,0.3108719178380421,52.289024353027344,-2.96617828309536,0.008267521555118042,6.94212715767537e-05,0.00023953869227176123
False,33.586116790771484,-2.976776123046875,-0.00020503996894757678,7.808795625263064e-05,0.00018006966386486918,49.39306640625,-14.760109901428223,0.0031756160025817924,-0.01352565948727652,0.32215945111567146,52.635555267333984,-2.9657962061464787,0.008261680122483633,6.943100326330684e-05,0.00024032405760866899
False,33.88725280761719,-2.976558532565832,-0.0003664493260924778,7.822058334776931e-05,0.00017827438731288933,50.15589141845703,-14.505609035491943,0.003178954116574721,-0.013638580056184806,0.3328705759678001,52.96760559082031,-2.9654299952089787,0.008255720408263232,6.944335247056957e-05,0.00024112588779237932
False,34.17346954345703,-2.9763525389134884,-0.00052678577037079,7.835435169782093e-05,0.00017629901367151592,50.88912582397461,-14.252614498138428,0.003172278126741725,-0.013749367787797343,0.3431237308163085,53.28644943237305,-2.9650781266391277,0.008251667171335526,6.944807068354024e-05,0.00024162809889598024
False,34.48947525024414,-2.9761251844465733,-0.000704646146219534,7.849660715010256e-05,0.00017384850554408586,51.70872497558594,-13.95992922782898,0.003155946421680521,-0.013887848977706898,0.3546523811168682,53.64258575439453,-2.9646847546100616,0.008245586381892833,6.945572599136458e-05,0.00024246696927461824
False,34.833065032958984,-2.9758786018937826,-0.0008580683354230122,7.862956523425074e-05,0.0001711093151594941,52.611961364746094,-13.625224590301514,0.0031315084425235277,-0.014046572838412754,0.3674125068255486,54.03485870361328,-2.9642511010169983,0.008243798180307958,6.945764229552919e-05,0.00024295458121576563
False,35.14185333251953,-2.9756579603999853,-0.0008792876400830282,7.869201151084444e-05,0.00016917366133160846,53.432342529296875,-13.309916973114014,0.003104209826935822,-0.014209029003407482,0.3791554456114175,54.39117431640625,-2.9638565070927143,0.00824558632883514,6.945702664919236e-05,0.00024403546615742484
False,35.43792724609375,-2.9754470828920603,-0.0007505417041185781,7.867638226746524e-05,0.00016829891061525518,54.22272491455078,-12.995855569839478,0.0030686853623082128,-0.014373077625760077,0.39056365843818547,54.734619140625,-2.963476564735174,0.008249401100023961,6.945459589895783e-05,0.00024473718991174597
False,35.732383728027344,-2.9752377327531576,-0.0005102156801270851,7.859718686531214e-05,0.0001684182099162115,55.0087890625,-12.673377513885498,0.0030250546377446016,-0.014538725578585434,0.4019667473958439,55.07651138305664,-2.963098146021366,0.008256912378590888,6.94499507446665e-05,0.00024564123723338013
False,36.019290924072266,-2.9750329591333866,-0.00021302698315882592,7.846845387334274e-05,0.00016934302186856996,55.77200698852539,-12.350583553314209,0.002973317587978972,-0.01469212331801003,0.4130046336685733,55.408897399902344,-2.9627294912934303,0.008264421796929473,6.944091435399299e-05,0.0002465022796445978
False,36.34495544433594,-2.9748010262846947,0.0001585483365849877,7.827338677486625e-05,0.00017119268243130954,56.63228988647461,-11.975064635276794,0.0029064418848986483,-0.014866295968294401,0.4254502861732517,55.78421401977539,-2.962313234806061,0.008271813867805962,6.94260498624861e-05,0.00024733360758736684
False,36.691768646240234,-2.9745526127517223,0.0005429983415263227,7.80369518933603e-05,0.00017381302611040264,57.53917694091797,-11.565383315086365,0.0028368233993650975,-0.01507189154075211,0.4387702572983863,56.190757751464844,-2.9618621841073036,0.00827956121594341,6.94146779649213e-05,0.000248273273277708
False,37.003074645996094,-2.97432922385633,0.0008606909651227416,7.780871983957694e-05,0.0001765662008031648,58.34391784667969,-11.189885258674622,0.0027806753414791395,-0.015249255815840398,0.45065943369030437,56.53378677368164,-2.96148132532835,0.008286713926257955,6.940390843116695e-05,0.000249238313645638
False,37.33938980102539,-2.974087219685316,0.0011341570152143827,7.757372015073994e-05,0.00017967069061938781,59.20336151123047,-10.776516079902649,0.0027321573970435363,-0.015404781547076713,0.46318865504152607,56.911746978759766,-2.9610604867339134,0.008292198599219138,6.939653085721878e-05,0.0002500716998027355
False,37.66580581665039,-2.973850402981043,0.0012905597211196724,7.73856511878429e-05,0.00018236455215888317,60.02891159057617,-10.366903066635132,0.002686738898639501,-0.015572032364350901,0.4753571534661448,57.276004791259766,-2.9606552124023438,0.008297681403564463,6.939215802160996e-05,0.00025107759825806813
False,37.98240280151367,-2.9736209120601416,0.0013533829133474953,7.726210604283764e-05,0.00018439648127503336,60.82270050048828,-9.961217042058706,0.0026464458316049965,-0.015743007638094306,0.4872319887038036,57.62744903564453,-2.9602642841637135,0.008301494745830605,6.938384816039155e-05,0.00025192691311420277
False,38.290584564208984,-2.9733963012695312,0.0013344287977528448,7.716451255225942e-05,0.00018615401901075495,61.590576171875,-9.557565331459045,0.002615928451661165,-0.01590919024060257,0.4988449529463982,57.96864318847656,-2.959883727133274,0.008303164632621327,6.937930371641061e-05,0.0002524709965179239
False,38.598594665527344,-2.9731719978153706,0.0012966393802212896,7.709879131979464e-05,0.0001875795767329114,62.35358428955078,-9.145406484603882,0.002593635900214807,-0.01606950923572276,0.5104429259905984,58.31889724731445,-2.959492798894644,0.008305309504868269,6.937418333550816e-05,0.0002530579066088186
False,38.91921615600586,-2.9729360975325108,0.0012521743174117648,7.707114312581832e-05,0.00018885679020313383,63.143218994140625,-8.707058191299438,0.0025768277026100503,-0.016228239143392043,0.5224779220414054,58.66239547729492,-2.9591094963252544,0.008307098598331121,6.936430302132211e-05,0.00025379344786567086
False,39.23983383178711,-2.972701720893383,0.0011959075733517937,7.706086020994119e-05,0.00019000457461097655,63.95459747314453,-8.244089365005493,0.002565026026295773,-0.016364590095668118,0.534716243793341,59.02712631225586,-2.9587011709809303,0.008307098598331121,6.936430302132211e-05,0.00025379344786567086
False,39.5589485168457,-2.9724679570645094,0.0011347530180648765,7.707323774552364e-05,0.00019106929611995607,64.72844696044922,-7.790342569351196,0.0025557273740719018,-0.01649295870874654,0.5464019661019724,59.37652587890625,-2.958310853689909,0.008308767513469012,6.935395970680632e-05,0.00025556107186155296
False,39.86114501953125,-2.9722463991492987,0.0010379550674503588,7.711846460238498e-05,0.00019169782783296372,65.43972778320312,-7.36264967918396,0.002548455684744784,-0.016602675518401742,0.5571602743025362,59.69902801513672,-2.9579495266079903,0.008308767513469012,6.935395970680632e-05,0.00025556107186155296
False,40.24486541748047,-2.971965027973056,0.0008840559728297513,7.720614840144752e-05,0.00019204877484129565,66.36854553222656,-6.788815975189209,0.00254297257363328,-0.016676181116089185,0.5707962726774505,60.12214279174805,-2.9574761986732483,0.008308171393696157,6.934527782018471e-05,0.00025731657272721694
False,40.55311965942383,-2.971738586202264,0.0007674694707693374,7.728376156394934e-05,0.00019211702215461753,67.11283874511719,-6.316207408905029,0.0025367736538086357,-0.016756079587268026,0.581890270153108,60.46295166015625,-2.9570944234728813,0.008306025527015952,6.934428443609506e-05,0.00025862792183923314
False,40.93916702270508,-2.9714541640132666,0.0007163285905851496,7.735337944570538e-05,0.00019259603721105253,68.04058074951172,-5.709646224975586,0.0025318862133254963,-0.01684289648396795,0.5957593993606185,60.89018630981445,-2.9566152952611446,0.008304237313882456,6.934805110236354e-05,0.0002594331835007284
False,41.25458526611328,-2.971221923828125,0.0007902383796802884,7.736094062401229e-05,0.00019376905288863425,68.79339599609375,-5.205226421356201,0.0025429725934706425,-0.0167331722959853,0.6061207703262007,61.238487243652344,-2.9562243670225143,0.008302091470596571,6.932464598926988e-05,0.0002601370955698355
False,41.57677459716797,-2.970984498038888,0.0008642672650522076,7.735266976511896e-05,0.0001951803580694557,69.55867767333984,-4.684646129608154,0.0025589469901765314,-0.016258601366064957,0.6138602270327262,61.59330368041992,-2.9558258056640625,0.008298040557977998,6.934742588048676e-05,0.00026152046512099646
False,41.92287826538086,-2.9707290660589933,0.0009220837908225628,7.734119851618621e-05,0.00019662678438989346,70.37505340576172,-4.116922855377197,0.0025584698420874127,-0.01586817962214497,0.622156774471719,61.97348403930664,-2.9553979486227036,0.008295536147029428,6.935591739790084e-05,0.0002620768226394642
False,42.23707962036133,-2.9704965222626925,0.0009709595661478253,7.731479901499468e-05,0.0001979909148032076,71.11078643798828,-3.5940442085266113,0.002554892598055364,-0.015575762740888231,0.6302676464037289,62.31766128540039,-2.9550106823444366,0.008291840537370926,6.934538700608994e-05,0.0002628988953381894
False,42.59416961669922,-2.9702322389930487,0.0009458064047594002,7.732077278740149e-05,0.00019928923990495805,71.94278717041016,-2.9914040565490723,0.002551197922457888,-0.015333946908973528,0.6402509127107179,62.7084846496582,-2.9545706175267696,0.008288025699581487,6.934915424877105e-05,0.00026413817183935077
False,42.92794418334961,-2.9699838254600763,0.0008867978175362845,7.733402093949916e-05,0.00019999851871931122,72.71661376953125,-2.4180407524108887,0.0025441643357478573,-0.015224226643987935,0.650765795949069,63.07391357421875,-2.954159241169691,0.00828421180621143,6.936006493946982e-05,0.0002649636178797039
False,43.314292907714844,-2.9696969613432884,0.0008547304740265422,7.733452100402123e-05,0.00020092813318555618,73.60696411132812,-1.742671012878418,0.0025401114056499514,-0.015202385305455923,0.6638577126835365,63.49674606323242,-2.95368255674839,0.008280157628256169,6.935824219279407e-05,0.0002657587925026141
False,43.66107177734375,-2.9694387819617987,0.0008565186340244353,7.733355217314735e-05,0.00020191600071009595,74.40031433105469,-1.126255989074707,0.002539634922636639,-0.015269499684307698,0.6759806005428131,63.8758430480957,-2.95325531065464,0.008276223592673132,6.936096932476192e-05,0.00026657957272165046
False,44.024864196777344,-2.9691674802452326,0.0008790492081630869,7.733163014596368e-05,0.00020310970818106442,75.2470474243164,-0.4528045654296875,0.002527355553950433,-0.015405853050442866,0.6889241706171948,64.28299331665039,-2.952796023339033,0.008272289558095062,6.937230590034637e-05,0.00026734002665454036
False,44.3651008605957,-2.968914184719324,0.0009136199820946971,7.732045024738899e-05,0.00020434818869040456,75.99142456054688,0.1532115936279297,0.0025051830656725622,-0.01558907849597271,0.7003084954127226,64.64334487915039,-2.9523883052170277,0.008266448609044977,6.938404658662049e-05,0.00026839202363939735
False,44.67942428588867,-2.968679506331682,0.0009162424867166275,7.731700559467016e-05,0.00020545564596244505,76.71623992919922,0.7554769515991211,0.0024924276560997355,-0.015721707578685264,0.7108589187937179,64.99631881713867,-2.951989747583866,0.008262514575631708,6.939368290893316e-05,0.0002691266260146943
False,45.04243087768555,-2.968408204615116,0.0008200407036455078,7.735322573259453e-05,0.00020602566934463403,77.52347564697266,1.4346895217895508,0.0024976731746419335,-0.015281218356092908,0.7182859492531974,65.39042282104492,-2.951544191688299,0.008258699757337236,6.93927113966757e-05,0.0002698246922802079
False,45.4311408996582,-2.968117371201515,0.0006535052857865038,7.742835648748369e-05,0.00020589979810343962,78.36772918701172,2.158740997314453,0.002482652919188399,-0.014893461563682452,0.7250323074258921,65.80481719970703,-2.951074831187725,0.008252739105635589,6.940070367405711e-05,0.0002708283406082911
False,45.771278381347656,-2.967862855643034,0.0005038976759619378,7.75115532935405e-05,0.0002054605312037711,79.1220703125,2.820887565612793,0.0024598838910619074,-0.014836469991596858,0.7334253546199255,66.1778793334961,-2.950653076171875,0.008248328223300136,6.939957043328877e-05,0.0002716072650329296
False,46.1102180480957,-2.967609252780676,0.00032401083494675747,7.762418941704071e-05,0.00020457132883313403,79.87284851074219,3.4936752319335938,0.0024460549840750775,-0.014865235171810137,0.7435815584282124,66.55172348022461,-2.9502288810908794,0.008244514338349676,6.939321410224709e-05,0.00027228103625648065
False,46.43790817260742,-2.967365112155676,0.00014960765547885864,7.775182322169487e-05,0.00020338890138900883,80.5986099243164,4.157253265380859,0.002439855858951098,-0.014944062441543605,0.7545394814576479,66.92628860473633,-2.9498040787875652,0.008240580798159772,6.940464617789208e-05,0.0002729686880455406
False,46.77184295654297,-2.967116091400385,1.5139579069764331e-05,7.787820113042913e-05,0.00020217617025083165,81.3375473022461,4.846811294555664,0.002433181366391908,-0.015087342451646285,0.7663512020364671,67.28852081298828,-2.9493933133780956,0.008236765981801047,6.940167234540852e-05,0.00027363118080012887
False,47.13680648803711,-2.96684417873621,-6.711482106389134e-05,7.799328004140619e-05,0.0002010679494335853,82.14236450195312,5.614621162414551,0.0022767786387538984,-0.015323295577049624,0.7795261384710048,67.69847106933594,-2.9489282220602036,0.008231043756240309,6.940361220381436e-05,0.0002746361222262337
False,47.51945114135742,-2.9665600582957268,-5.280971268267892e-05,7.807439845700993e-05,0.00020046793295039244,82.97785186767578,6.431623458862305,0.0017750257420412628,-0.015678034806816257,0.7936479847223347,68.12997436523438,-2.9484384171664715,0.00822710972642765,6.941028514091742e-05,0.00027530208464250107
False,47.868408203125,-2.9663006588816643,2.157687951076623e-05,7.809689373570615e-05,0.00020045462608708878,83.730224609375,7.184812545776367,0.0013787741408910262,-0.01598055769054629,0.8060751968846755,68.524169921875,-2.9479904174804688,0.008221029864693807,6.941673762902339e-05,0.00027627929550959833
False,48.19955062866211,-2.9660543836653233,0.00012183188535469871,7.808319953693235e-05,0.0002007912557737225,84.43769073486328,7.905397415161133,0.0011779070925978295,-0.01595286329083198,0.8152242658814323,68.89847183227539,-2.947564698755741,0.0082170949033434,6.942544710422557e-05,0.0002769520182979886
False,48.542118072509766,-2.965799257159233,0.00023460387001990755,7.804410912035057e-05,0.00020142936283116926,85.18348693847656,8.682271957397461,0.0011037585611851043,-0.016084424127011495,0.8250226340369737,69.29787826538086,-2.9471099860966206,0.008212685441274539,6.944140303939319e-05,0.00027770949224314756
False,48.94664001464844,-2.9654971323907375,0.00030755998361309093,7.800017381929212e-05,0.00020202573395694697,86.00360870361328,9.55972671508789,0.0012638569541573558,-0.016427445307070455,0.837717802183229,69.74262619018555,-2.9466033950448036,0.008208631267136586,6.944471376280942e-05,0.0002784195581466244
False,49.28801727294922,-2.965242922306061,0.0004017352785261821,7.792276945568171e-05,0.0002027864435112913,86.72035217285156,10.346199035644531,0.0014311075178787516,-0.016723056879874035,0.8498408812963705,70.13584899902344,-2.9461541771888733,0.008204697238394315,6.94488817751279e-05,0.00027907803031348
False,49.62775802612305,-2.964989624917507,0.0005663632520563449,7.781246753632433e-05,0.00020418100241629967,87.41851043701172,11.130609512329102,0.0015715362749623078,-0.0170032168963049,0.8622962423670711,70.52314376831055,-2.9457122832536697,0.008198975944513482,6.946649157799652e-05,0.00028004211534126615
False,49.98857498168945,-2.964720156043768,0.0007917881073018601,7.76616797716433e-05,0.00020636963504249228,88.11602020263672,11.932228088378906,0.00169336725572705,-0.017193897043419167,0.8745656335983715,70.91424179077148,-2.945265505462885,0.008194683347246557,6.94663122881612e-05,0.0002807366748770655
False,50.37282180786133,-2.9644323736429214,0.0010436773332824815,7.747248933240463e-05,0.0002092986619245482,88.8711929321289,12.815057754516602,0.001823782595518807,-0.016881780253169672,0.8842396388737592,71.34077835083008,-2.9447790533304214,0.008190749319860214,6.94643026583284e-05,0.000281393753713967
False,50.743534088134766,-2.964153442531824,0.0012489556696708246,7.728868982570441e-05,0.000212370824931109,89.58733367919922,13.668752670288086,0.0019211767462393471,-0.016478044320892296,0.8916718300100908,71.74889373779297,-2.9443127438426018,0.008186816222645887,6.946730386828716e-05,0.0002820686356744945
False,51.13739013671875,-2.963855590671301,0.0014283655882315561,7.709225405394013e-05,0.0002157340745579323,90.33534240722656,14.577510833740234,0.002003431032637911,-0.015973109653689643,0.8988038126730707,72.17886734008789,-2.9438198879361153,0.008183001894002418,6.947336449314138e-05,0.00028273816693219993
False,51.52743148803711,-2.9635592661798,0.0015692710069263344,7.690742605616339e-05,0.0002191559142989055,91.0627212524414,15.478771209716797,0.002036452002294718,-0.01548308529373333,0.9063646352202245,72.60095977783203,-2.9433374032378197,0.008177279669799135,6.947598714538724e-05,0.0002837540246505796
False,51.88710021972656,-2.963285218924284,0.0016237495152433097,7.67763582752742e-05,0.00022199585835535536,91.7250747680664,16.30866813659668,0.001914620605350088,-0.014606372759373456,0.9110678947360555,72.98750305175781,-2.9428939819335938,0.008173345640401515,6.948453148148767e-05,0.00028443623428335595
False,52.25214767456055,-2.963006593286991,0.001621603779700047,7.668341326889874e-05,0.00022443214275056592,92.38861083984375,17.151386260986328,0.0018064979173456443,-0.013770675343568258,0.9156992931108036,73.37773895263672,-2.942446291446686,0.008169530823497497,6.94959536046186e-05,0.00028510338398839076
False,52.63553237915039,-2.9627130143344402,0.0015776156442104544,7.661870947034162e-05,0.00022663987232499855,93.09832000732422,18.059423446655273,0.001805782244178585,-0.012492890018961925,0.9182019499922632,73.79627227783203,-2.941966250538826,0.008165477582871873,6.949875113765341e-05,0.00028578603143063897
False,53.00436782836914,-2.9624291993677616,0.0015587805106884924,7.659176540017247e-05,0.00022797800493243276,93.73916625976562,18.88811492919922,0.001661062124618908,-0.011477160026033825,0.9206832690058694,74.17648696899414,-2.9415292367339134,0.008163332681169718,6.95000042959513e-05,0.0002861433284338685
False,53.39874267578125,-2.9621240235865116,0.0015947817399432052,7.652210620547772e-05,0.00023152569579868983,94.45327758789062,19.818788528442383,0.0011941196499959254,-0.010284062458305486,0.9233429187774054,74.60327911376953,-2.9410394318401814,0.008159398651012142,6.950715856040136e-05,0.00028686700552403105
False,53.81378936767578,-2.9618026725947857,0.00163483602619893,7.648545471741152e-05,0.00023413073429749478,95.15801239013672,20.73704719543457,0.0008457899512043325,-0.008631303092634074,0.9224768443550265,75.02560806274414,-2.9405545070767403,0.008155466038870024,6.950933581831547e-05,0.0002875992360101605
False,54.2117919921875,-2.9614938348531723,0.001596450816975486,7.647762342558215e-05,0.00023701994759545584,95.84741973876953,21.639503479003906,0.0009102822261634212,-0.007282680328234178,0.9217505396849208,75.439697265625,-2.9400787353515625,0.008151532009596105,6.951710277429541e-05,0.0002882943353516587
False,54.63161087036133,-2.961166076362133,0.001378416871312437,7.656143594954216e-05,0.00023826027111793492,96.57310485839844,22.59436798095703,0.001090884291738531,-0.006106097134897403,0.9224916258426741,75.87619018554688,-2.939576417207718,0.008147597979921347,6.952671709514067e-05,0.0002889970674357883
False,54.98533630371094,-2.960890505462885,0.0013110636627465654,7.659023157901773e-05,0.00023896947886610251,97.18502044677734,23.398841857910156,0.0012420415500476146,-0.00498490370456126,0.9220793668668673,76.24338912963867,-2.9391534440219402,0.008143783164259288,6.952765593489685e-05,0.00028968847604093835
False,55.35264205932617,-2.9606027230620384,0.0013208387747387044,7.66044263167836e-05,0.0002403941622477015,97.81941223144531,24.231647491455078,0.0013785361030749397,-0.0038338859470457925,0.9207044926751333,76.62299346923828,-2.938716735690832,0.00813984913432472,6.953727438821093e-05,0.0002904060802251651
False,55.77303695678711,-2.9602731317281723,0.0012820958135720004,7.668177936520362e-05,0.00024304987291843533,98.54185485839844,25.184490203857422,0.001336574271530847,-0.0030615689994590543,0.9215383874418175,77.05619430541992,-2.938217468559742,0.008137583157617721,6.9542127943022e-05,0.00029075902180878175
False,56.175804138183594,-2.9599566645920277,0.0012476444718412703,7.67281789417449e-05,0.00024467984576601216,99.24905395507812,26.11532974243164,0.0008924006576501245,-0.0021784648117127983,0.9213648561271562,77.48081588745117,-2.9377273581922054,0.008133649128477902,6.954085926441646e-05,0.0002915057730110179
False,56.55875015258789,-2.9596548452973366,0.0011855362161863967,7.678559783758725e-05,0.00024615637017739945,99.89820098876953,26.969749450683594,-0.0002850293622304135,-0.0015456988533310166,0.9210588388284953,77.87441635131836,-2.937273256480694,0.008129715097450274,6.954406016003067e-05,0.0002922931425447472
False,56.98874282836914,-2.9593170173466206,0.0008767842549233896,7.696160658418244e-05,0.0002459285312219973,100.5982894897461,27.886951446533203,-0.0020511146503257196,-0.0006743122614151766,0.9186963387972971,78.3050537109375,-2.936776429414749,0.008125781553231577,6.95473563570674e-05,0.00029301062188363466
False,57.3975830078125,-2.958994448184967,0.0007052421500269594,7.70893401163649e-05,0.000245551452256339,101.2762680053711,28.76563262939453,-0.0034856794148883786,0.0005653750166540704,0.9123665774811861,78.72708892822266,-2.936289981007576,0.008123754933549679,6.954843709829798e-05,0.00029334813152889517
